1 0.49921875 0.5486111111111112 0.9942708333333333 0.8916666666666667
1 0.44140625 0.3388888888888889 0.03697916666666667 0.11296296296296296
1 0.1734375 0.3296296296296296 0.030208333333333334 0.11851851851851852
1 0.29348958333333336 0.5453703703703704 0.034895833333333334 0.13703703703703704
1 0.6385416666666667 0.37546296296296294 0.041666666666666664 0.11944444444444445
1 0.55703125 0.4300925925925926 0.028645833333333332 0.12129629629629629
1 0.4044270833333333 0.29305555555555557 0.0359375 0.12129629629629629
1 0.034895833333333334 0.32685185185185184 0.027083333333333334 0.11481481481481481
1 0.30390625 0.3907407407407407 0.028645833333333332 0.12037037037037036
1 0.39791666666666664 0.33287037037037037 0.017708333333333333 0.03611111111111111
1 0.6080729166666666 0.3199074074074074 0.03802083333333333 0.09907407407407408
1 0.13958333333333334 0.26435185185185184 0.03854166666666667 0.10833333333333334
1 0.22994791666666667 0.27037037037037037 0.0328125 0.10185185185185185
1 0.11223958333333334 0.24814814814814815 0.030729166666666665 0.1037037037037037