1 0.49947916666666664 0.5615740740740741 0.99375 0.8657407407407407
1 0.5572916666666666 0.6199074074074075 0.05 0.11388888888888889
1 0.9546875 0.5967592592592592 0.034375 0.1287037037037037
1 0.07239583333333334 0.5851851851851851 0.04479166666666667 0.12222222222222222
1 0.8096354166666667 0.41944444444444445 0.03802083333333333 0.1037037037037037
1 0.40729166666666666 0.2851851851851852 0.03854166666666667 0.08888888888888889
1 0.3489583333333333 0.48657407407407405 0.03854166666666667 0.10833333333333334
1 0.5692708333333333 0.6620370370370371 0.01875 0.025925925925925925
1 0.59453125 0.35138888888888886 0.034895833333333334 0.08611111111111111
1 0.4114583333333333 0.46296296296296297 0.04895833333333333 0.1
1 0.1734375 0.4111111111111111 0.03333333333333333 0.10740740740740741
1 0.6515625 0.31527777777777777 0.040625 0.08611111111111111
1 0.44505208333333335 0.41805555555555557 0.027604166666666666 0.10833333333333334
1 0.10338541666666666 0.46435185185185185 0.034895833333333334 0.11574074074074074
1 0.65 0.4064814814814815 0.03229166666666667 0.09814814814814815
1 0.5388020833333333 0.25462962962962965 0.028645833333333332 0.08333333333333333
1 0.3065104166666667 0.3578703703703704 0.0328125 0.10462962962962963
1 0.653125 0.43148148148148147 0.01875 0.03333333333333333
1 0.43463541666666666 0.43425925925925923 0.028645833333333332 0.03518518518518519
1 0.25833333333333336 0.38842592592592595 0.035416666666666666 0.11203703703703703