1 0.49973958333333335 0.500462962962963 0.9932291666666667 0.9898148148148148
1 0.5583333333333333 0.5615740740740741 0.0375 0.13055555555555556
1 0.09661458333333334 0.812962962962963 0.0578125 0.1537037037037037
1 0.18697916666666667 0.6541666666666667 0.04479166666666667 0.14166666666666666
1 0.5330729166666667 0.4949074074074074 0.0171875 0.032407407407407406
1 0.3294270833333333 0.4486111111111111 0.03802083333333333 0.12314814814814815
1 0.23619791666666667 0.874537037037037 0.04010416666666667 0.16203703703703703
1 0.465625 0.6310185185185185 0.04375 0.14907407407407408
1 0.55078125 0.45046296296296295 0.05260416666666667 0.1175925925925926
1 0.3377604166666667 0.3148148148148148 0.0421875 0.1037037037037037
1 0.8028645833333333 0.4185185185185185 0.0390625 0.13703703703703704
1 0.6190104166666667 0.45601851851851855 0.050520833333333334 0.12314814814814815
1 0.27109375 0.22916666666666666 0.0328125 0.10277777777777777
1 0.7807291666666667 0.9328703703703703 0.041666666666666664 0.1287037037037037
1 0.9182291666666667 0.37546296296296294 0.0375 0.12685185185185185