1 0.49921875 0.5606481481481481 0.9942708333333333 0.8675925925925926
1 0.34427083333333336 0.5606481481481481 0.03229166666666667 0.1287037037037037
1 0.37838541666666664 0.4689814814814815 0.04739583333333333 0.1175925925925926
1 0.9536458333333333 0.6537037037037037 0.035416666666666666 0.14074074074074075
1 0.5653645833333333 0.4513888888888889 0.0328125 0.12685185185185185
1 0.5484375 0.45601851851851855 0.017708333333333333 0.032407407407407406
1 0.6432291666666666 0.31574074074074077 0.029166666666666667 0.10185185185185185
1 0.4625 0.4361111111111111 0.046875 0.10925925925925926
1 0.4549479166666667 0.45740740740740743 0.0203125 0.037037037037037035
1 0.42291666666666666 0.46435185185185185 0.03125 0.11944444444444445
1 0.8161458333333333 0.4648148148148148 0.03125 0.11481481481481481
1 0.8375 0.4273148148148148 0.030208333333333334 0.1175925925925926
1 0.5575520833333333 0.41574074074074074 0.033854166666666664 0.10925925925925926
1 0.15182291666666667 0.32037037037037036 0.027604166666666666 0.1037037037037037
1 0.821875 0.42268518518518516 0.06354166666666666 0.19907407407407407