1 0.49921875 0.5597222222222222 0.9942708333333333 0.8694444444444445
1 0.30104166666666665 0.5648148148148148 0.041666666666666664 0.14814814814814814
1 0.21666666666666667 0.3425925925925926 0.036458333333333336 0.1111111111111111
1 0.29635416666666664 0.6199074074074075 0.019791666666666666 0.03611111111111111
1 0.54765625 0.35833333333333334 0.034895833333333334 0.10740740740740741
1 0.4283854166666667 0.40185185185185185 0.0328125 0.11851851851851852
1 0.5119791666666667 0.29907407407407405 0.03333333333333333 0.09814814814814815
1 0.6942708333333333 0.48148148148148145 0.03333333333333333 0.11851851851851852
1 0.04348958333333333 0.4412037037037037 0.03177083333333333 0.125
1 0.6971354166666667 0.41064814814814815 0.0359375 0.12129629629629629
1 0.11848958333333333 0.2638888888888889 0.0265625 0.1037037037037037
1 0.35885416666666664 0.33935185185185185 0.034375 0.11388888888888889
1 0.7354166666666667 0.31157407407407406 0.029166666666666667 0.10648148148148148
1 0.027604166666666666 0.3212962962962963 0.030208333333333334 0.12407407407407407
1 0.32109375 0.30277777777777776 0.03802083333333333 0.11481481481481481
0 0.29609375 0.6175925925925926 0.0109375 0.020370370370370372