1 0.49947916666666664 0.6189814814814815 0.9947916666666666 0.7509259259259259
1 0.47890625 0.5935185185185186 0.043229166666666666 0.12777777777777777
1 0.8776041666666666 0.49953703703703706 0.03958333333333333 0.1175925925925926
1 0.61484375 0.3143518518518518 0.0171875 0.032407407407407406
1 0.4666666666666667 0.4064814814814815 0.029166666666666667 0.09444444444444444
1 0.5744791666666667 0.2898148148148148 0.023958333333333335 0.040740740740740744
1 0.3658854166666667 0.28564814814814815 0.027604166666666666 0.09351851851851851
1 0.6921875 0.4703703703703704 0.042708333333333334 0.10185185185185185
1 0.50625 0.36527777777777776 0.025 0.09351851851851851
1 0.3536458333333333 0.44305555555555554 0.035416666666666666 0.10648148148148148
1 0.7359375 0.44583333333333336 0.03229166666666667 0.11203703703703703
1 0.7075520833333333 0.45925925925925926 0.033854166666666664 0.11296296296296296
1 0.34427083333333336 0.3509259259259259 0.023958333333333335 0.07962962962962963
1 0.11432291666666666 0.937037037037037 0.04114583333333333 0.11851851851851852
1 0.115625 0.3175925925925926 0.03125 0.09444444444444444
1 0.015885416666666666 0.44305555555555554 0.0265625 0.10648148148148148
1 0.31223958333333335 0.32222222222222224 0.024479166666666666 0.08888888888888889
1 0.5494791666666666 0.2675925925925926 0.029166666666666667 0.06296296296296296
1 0.66953125 0.32083333333333336 0.030729166666666665 0.04722222222222222
1 0.7078125 0.4546296296296296 0.08854166666666667 0.14814814814814814