1 0.49921875 0.7215277777777778 0.99375 0.3819444444444444
1 0.370703125 0.5284722222222222 0.05703125 0.1486111111111111
1 0.2359375 0.4708333333333333 0.221875 0.41944444444444445
1 0.961328125 0.5277777777777778 0.02421875 0.03888888888888889
1 0.162890625 0.6618055555555555 0.02890625 0.0375
1 0.373046875 0.5819444444444445 0.02578125 0.03888888888888889
1 0.324609375 0.6534722222222222 0.04453125 0.043055555555555555
1 0.9640625 0.5027777777777778 0.0671875 0.16944444444444445
1 0.063671875 0.4909722222222222 0.07265625 0.23472222222222222
1 0.07890625 0.5847222222222223 0.0359375 0.04722222222222222
1 0.69765625 0.5027777777777778 0.040625 0.11388888888888889
1 0.64921875 0.7229166666666667 0.3578125 0.37083333333333335
0 0.961328125 0.5256944444444445 0.01796875 0.02361111111111111