1 0.49947916666666664 0.7018518518518518 0.9947916666666666 0.587037037037037
1 0.67578125 0.6310185185185185 0.016145833333333335 0.028703703703703703
1 0.63359375 0.6578703703703703 0.0390625 0.10277777777777777
1 0.15885416666666666 0.7509259259259259 0.027083333333333334 0.10555555555555556
1 0.8567708333333334 0.6731481481481482 0.03125 0.1037037037037037
1 0.24713541666666666 0.6888888888888889 0.03802083333333333 0.10185185185185185
1 0.8059895833333334 0.600925925925926 0.027604166666666666 0.1
1 0.5619791666666667 0.5953703703703703 0.030208333333333334 0.09074074074074075
1 0.9776041666666667 0.8069444444444445 0.026041666666666668 0.12685185185185185
1 0.41041666666666665 0.5810185185185185 0.027083333333333334 0.09722222222222222
1 0.9252604166666667 0.5462962962962963 0.027604166666666666 0.0962962962962963
1 0.32838541666666665 0.6648148148148149 0.030729166666666665 0.10185185185185185
1 0.06432291666666666 0.5662037037037037 0.027604166666666666 0.10277777777777777
1 0.3138020833333333 0.6444444444444445 0.0328125 0.1037037037037037
1 0.7395833333333334 0.5273148148148148 0.027083333333333334 0.09166666666666666
1 0.6986979166666667 0.5851851851851851 0.027604166666666666 0.10740740740740741
1 0.39401041666666664 0.6060185185185185 0.027604166666666666 0.10277777777777777
0 0.6755208333333333 0.6282407407407408 0.007291666666666667 0.012037037037037037