1 0.5890625 0.5148148148148148 0.016666666666666666 0.03148148148148148
1 0.49921875 0.5717592592592593 0.9942708333333333 0.8453703703703703
1 0.5390625 0.48703703703703705 0.04791666666666667 0.11296296296296296
1 0.4309895833333333 0.4675925925925926 0.030729166666666665 0.11296296296296296
1 0.21067708333333332 0.42685185185185187 0.04739583333333333 0.10185185185185185
1 0.13880208333333333 0.575925925925926 0.0359375 0.11481481481481481
1 0.08229166666666667 0.7199074074074074 0.04791666666666667 0.1398148148148148
1 0.7708333333333334 0.38842592592592595 0.04479166666666667 0.10648148148148148
1 0.03125 0.34629629629629627 0.036458333333333336 0.09814814814814815
1 0.5895833333333333 0.5148148148148148 0.023958333333333335 0.044444444444444446
1 0.13854166666666667 0.4689814814814815 0.036458333333333336 0.12129629629629629
1 0.07473958333333333 0.4828703703703704 0.034895833333333334 0.11944444444444445
1 0.37421875 0.34953703703703703 0.0421875 0.09166666666666666
1 0.40703125 0.37962962962962965 0.043229166666666666 0.1
0 0.5890625 0.512962962962963 0.008333333333333333 0.016666666666666666