1 0.49921875 0.6398148148148148 0.9942708333333333 0.7092592592592593
1 0.19557291666666668 0.6351851851851852 0.04739583333333333 0.10185185185185185
1 0.09635416666666667 0.9226851851851852 0.040625 0.14166666666666666
1 0.4236979166666667 0.5018518518518519 0.033854166666666664 0.08148148148148149
1 0.5927083333333333 0.425 0.0375 0.07222222222222222
1 0.49192708333333335 0.3314814814814815 0.016145833333333335 0.027777777777777776
1 0.1359375 0.6106481481481482 0.04895833333333333 0.10648148148148148
1 0.13046875 0.40925925925925927 0.0265625 0.07777777777777778
1 0.5057291666666667 0.5342592592592592 0.03333333333333333 0.08518518518518518
1 0.9544270833333334 0.9333333333333333 0.06510416666666667 0.12777777777777777
1 0.5244791666666667 0.4703703703703704 0.034375 0.08148148148148149
1 0.19166666666666668 0.5009259259259259 0.028125 0.08518518518518518
1 0.9768229166666667 0.9259259259259259 0.019270833333333334 0.04814814814814815
1 0.29635416666666664 0.45601851851851855 0.029166666666666667 0.07685185185185185
1 0.37083333333333335 0.3824074074074074 0.027083333333333334 0.06851851851851852
1 0.56484375 0.3912037037037037 0.033854166666666664 0.06944444444444445
1 0.32786458333333335 0.4185185185185185 0.030729166666666665 0.07962962962962963
1 0.18072916666666666 0.40324074074074073 0.030208333333333334 0.075
0 0.9770833333333333 0.9231481481481482 0.0125 0.03333333333333333