1 0.2578125 0.5861111111111111 0.016666666666666666 0.02962962962962963
1 0.49973958333333335 0.6287037037037037 0.9953125 0.7333333333333333
1 0.5674479166666667 0.6902777777777778 0.05260416666666667 0.1361111111111111
1 0.7205729166666667 0.5708333333333333 0.049479166666666664 0.11388888888888889
1 0.6770833333333334 0.7208333333333333 0.03854166666666667 0.1398148148148148
1 0.4140625 0.5467592592592593 0.03958333333333333 0.09537037037037037
1 0.5747395833333333 0.4648148148148148 0.030729166666666665 0.10740740740740741
1 0.9458333333333333 0.6226851851851852 0.029166666666666667 0.13240740740740742
1 0.53125 0.5810185185185185 0.030208333333333334 0.12129629629629629
1 0.32421875 0.5555555555555556 0.044270833333333336 0.12407407407407407
1 0.4473958333333333 0.5125 0.034375 0.09166666666666666
1 0.8619791666666666 0.43194444444444446 0.0375 0.11018518518518519
1 0.36302083333333335 0.5305555555555556 0.0625 0.07777777777777778
1 0.2578125 0.5861111111111111 0.025 0.04259259259259259
0 0.25729166666666664 0.5837962962962963 0.008333333333333333 0.01574074074074074