1 0.3684895833333333 0.41435185185185186 0.016145833333333335 0.026851851851851852
1 0.49973958333333335 0.6351851851851852 0.9942708333333333 0.7166666666666667
1 0.49921875 0.46805555555555556 0.04739583333333333 0.1287037037037037
1 0.67890625 0.4 0.0421875 0.10925925925925926
1 0.36822916666666666 0.41435185185185186 0.022916666666666665 0.03981481481481482
1 0.036458333333333336 0.41712962962962963 0.05625 0.12314814814814815
1 0.6325520833333333 0.5143518518518518 0.0578125 0.1287037037037037
1 0.3138020833333333 0.37407407407407406 0.06927083333333334 0.11666666666666667
1 0.2950520833333333 0.3277777777777778 0.0140625 0.024074074074074074
1 0.3692708333333333 0.4152777777777778 0.035416666666666666 0.06388888888888888
0 0.36796875 0.4125 0.009895833333333333 0.01574074074074074