1 0.49947916666666664 0.5412037037037037 0.99375 0.9064814814814814
1 0.5119791666666667 0.5712962962962963 0.046875 0.1111111111111111
1 0.37864583333333335 0.5689814814814815 0.04375 0.10648148148148148
1 0.8578125 0.5995370370370371 0.040625 0.1175925925925926
1 0.5421875 0.274537037037037 0.014583333333333334 0.026851851851851852
1 0.9265625 0.4439814814814815 0.034375 0.11944444444444445
1 0.38177083333333334 0.3837962962962963 0.0375 0.10833333333333334
1 0.70546875 0.4217592592592593 0.03697916666666667 0.10462962962962963
1 0.84453125 0.3731481481481482 0.04635416666666667 0.10185185185185185
1 0.6752604166666667 0.3537037037037037 0.03177083333333333 0.09814814814814815
1 0.6192708333333333 0.32592592592592595 0.034375 0.09259259259259259
1 0.5270833333333333 0.6037037037037037 0.016666666666666666 0.03148148148148148
1 0.55859375 0.29814814814814816 0.030729166666666665 0.08703703703703704
1 0.39140625 0.5916666666666667 0.018229166666666668 0.02962962962962963
1 0.4557291666666667 0.3365740740740741 0.03333333333333333 0.10462962962962963
1 0.4942708333333333 0.3425925925925926 0.03229166666666667 0.0962962962962963
1 0.684375 0.3763888888888889 0.014583333333333334 0.026851851851851852
1 0.4596354166666667 0.26990740740740743 0.03177083333333333 0.09722222222222222
0 0.5416666666666666 0.27361111111111114 0.007291666666666667 0.013888888888888888