1 0.46015625 0.524074074074074 0.019270833333333334 0.03518518518518519
1 0.49921875 0.5 0.9932291666666667 0.9888888888888889
1 0.7247395833333333 0.6995370370370371 0.05677083333333333 0.14722222222222223
1 0.5153645833333333 0.47685185185185186 0.0484375 0.13148148148148148
1 0.6416666666666667 0.38796296296296295 0.053125 0.12407407407407407
1 0.6526041666666667 0.5902777777777778 0.04895833333333333 0.14537037037037037
1 0.8697916666666666 0.7597222222222222 0.04479166666666667 0.14537037037037037
1 0.30859375 0.5879629629629629 0.04010416666666667 0.12777777777777777
1 0.28958333333333336 0.6564814814814814 0.06041666666666667 0.1425925925925926
1 0.93828125 0.7787037037037037 0.0546875 0.17037037037037037
1 0.9109375 0.5837962962962963 0.03854166666666667 0.1527777777777778
1 0.9611979166666667 0.6305555555555555 0.05364583333333333 0.14444444444444443
1 0.97734375 0.48194444444444445 0.03802083333333333 0.14351851851851852
1 0.46067708333333335 0.525 0.03802083333333333 0.06851851851851852
0 0.46015625 0.5226851851851851 0.011979166666666667 0.021296296296296296