1 0.49947916666666664 0.7087962962962963 0.9958333333333333 0.5731481481481482
1 0.30104166666666665 0.8634259259259259 0.03333333333333333 0.11574074074074074
1 0.09192708333333334 0.8268518518518518 0.0328125 0.10740740740740741
1 0.4203125 0.7870370370370371 0.029166666666666667 0.11296296296296296
1 0.60703125 0.6069444444444444 0.024479166666666666 0.08796296296296297
1 0.7973958333333333 0.7129629629629629 0.03333333333333333 0.10740740740740741
1 0.28854166666666664 0.7810185185185186 0.030208333333333334 0.10648148148148148
1 0.6828125 0.6347222222222222 0.026041666666666668 0.08055555555555556
1 0.7466145833333333 0.6134259259259259 0.024479166666666666 0.08981481481481482
1 0.92578125 0.6199074074074075 0.028645833333333332 0.0824074074074074
1 0.8221354166666667 0.9125 0.030729166666666665 0.125
1 0.8057291666666667 0.6180555555555556 0.025 0.08796296296296297
1 0.9473958333333333 0.6282407407407408 0.023958333333333335 0.09537037037037037
1 0.6966145833333334 0.5949074074074074 0.024479166666666666 0.09537037037037037
1 0.76171875 0.5550925925925926 0.0234375 0.08055555555555556
1 0.81953125 0.8398148148148148 0.04114583333333333 0.11851851851851852