1 0.49921875 0.6180555555555556 0.9942708333333333 0.7509259259259259
1 0.5036458333333333 0.5847222222222223 0.06145833333333333 0.1787037037037037
1 0.32526041666666666 0.5092592592592593 0.05572916666666667 0.17222222222222222
1 0.5252604166666667 0.6476851851851851 0.019270833333333334 0.041666666666666664
1 0.7130208333333333 0.5050925925925925 0.06875 0.1675925925925926
1 0.7916666666666666 0.4513888888888889 0.04583333333333333 0.15462962962962962
1 0.11848958333333333 0.5069444444444444 0.08072916666666667 0.1935185185185185
1 0.9630208333333333 0.6680555555555555 0.03958333333333333 0.20462962962962963
1 0.6510416666666666 0.4652777777777778 0.053125 0.17314814814814813
1 0.39479166666666665 0.412962962962963 0.052083333333333336 0.1574074074074074
1 0.8921875 0.46111111111111114 0.07083333333333333 0.2222222222222222
1 0.34453125 0.5708333333333333 0.0171875 0.03425925925925926
1 0.9544270833333334 0.4703703703703704 0.06302083333333333 0.18518518518518517
1 0.6411458333333333 0.4824074074074074 0.019791666666666666 0.03518518518518519
1 0.7236979166666667 0.4217592592592593 0.059895833333333336 0.1175925925925926
1 0.6692708333333334 0.5300925925925926 0.017708333333333333 0.03981481481481482
1 0.49244791666666665 0.6097222222222223 0.0171875 0.032407407407407406