1 0.49921875 0.5097222222222222 0.9932291666666667 0.9694444444444444
1 0.3229166666666667 0.5574074074074075 0.06041666666666667 0.12407407407407407
1 0.44375 0.11296296296296296 0.016666666666666666 0.03333333333333333
1 0.4544270833333333 0.7606481481481482 0.0296875 0.14722222222222223
1 0.3515625 0.39490740740740743 0.028125 0.10462962962962963
1 0.5213541666666667 0.2847222222222222 0.0375 0.09166666666666666
1 0.7533854166666667 0.30694444444444446 0.027604166666666666 0.08796296296296297
1 0.33046875 0.9203703703703704 0.034895833333333334 0.15185185185185185
1 0.21354166666666666 0.28935185185185186 0.036458333333333336 0.08796296296296297
1 0.40520833333333334 0.2537037037037037 0.027083333333333334 0.08888888888888889
1 0.6544270833333333 0.24166666666666667 0.034895833333333334 0.08703703703703704
1 0.34765625 0.42777777777777776 0.018229166666666668 0.040740740740740744
0 0.4434895833333333 0.11064814814814815 0.0078125 0.01574074074074074
0 0.9770833333333333 0.18472222222222223 0.01875 0.028703703703703703