1 0.49947916666666664 0.6837962962962963 0.9947916666666666 0.6231481481481481
1 0.39505208333333336 0.5287037037037037 0.0328125 0.1037037037037037
1 0.12864583333333332 0.7319444444444444 0.030208333333333334 0.12129629629629629
1 0.5091145833333334 0.5064814814814815 0.0359375 0.08148148148148149
1 0.27291666666666664 0.649537037037037 0.03229166666666667 0.10462962962962963
1 0.4622395833333333 0.45231481481481484 0.0265625 0.08055555555555556
1 0.8703125 0.7361111111111112 0.030208333333333334 0.11666666666666667
1 0.8182291666666667 0.6347222222222222 0.025 0.10833333333333334
1 0.8515625 0.5944444444444444 0.027083333333333334 0.09814814814814815
1 0.6083333333333333 0.5856481481481481 0.03958333333333333 0.10277777777777777
1 0.8244791666666667 0.4324074074074074 0.026041666666666668 0.07222222222222222
1 0.6515625 0.5194444444444445 0.03333333333333333 0.0962962962962963
1 0.5638020833333334 0.5935185185185186 0.03177083333333333 0.10740740740740741
1 0.43697916666666664 0.49537037037037035 0.029166666666666667 0.09074074074074075
1 0.9536458333333333 0.7847222222222222 0.03125 0.125
1 0.26328125 0.6129629629629629 0.027604166666666666 0.10740740740740741
1 0.67578125 0.5208333333333334 0.024479166666666666 0.09351851851851851
1 0.5895833333333333 0.4162037037037037 0.026041666666666668 0.07685185185185185