1 0.4825520833333333 0.5162037037037037 0.016145833333333335 0.032407407407407406
1 0.49921875 0.6689814814814815 0.9942708333333333 0.6527777777777778
1 0.3640625 0.8462962962962963 0.04479166666666667 0.1537037037037037
1 0.16822916666666668 0.6333333333333333 0.041666666666666664 0.12222222222222222
1 0.27760416666666665 0.6421296296296296 0.03854166666666667 0.10833333333333334
1 0.65625 0.575462962962963 0.036458333333333336 0.14351851851851852
1 0.5565104166666667 0.5527777777777778 0.0328125 0.08888888888888889
1 0.4354166666666667 0.7273148148148149 0.035416666666666666 0.1287037037037037
1 0.7072916666666667 0.6074074074074074 0.04895833333333333 0.1
1 0.36666666666666664 0.5800925925925926 0.03958333333333333 0.09722222222222222
1 0.5838541666666667 0.524537037037037 0.03854166666666667 0.08981481481481482
0 0.4822916666666667 0.5138888888888888 0.007291666666666667 0.014814814814814815