1 0.49973958333333335 0.5148148148148148 0.9942708333333333 0.9592592592592593
1 0.32317708333333334 0.5037037037037037 0.021354166666666667 0.03148148148148148
1 0.5065104166666666 0.2662037037037037 0.034895833333333334 0.11944444444444445
1 0.3140625 0.4689814814814815 0.03958333333333333 0.12314814814814815
1 0.43723958333333335 0.46574074074074073 0.04635416666666667 0.13703703703703704
1 0.55859375 0.5777777777777777 0.044270833333333336 0.14074074074074075
1 0.70234375 0.31527777777777777 0.0359375 0.11574074074074074
1 0.77890625 0.5097222222222222 0.033854166666666664 0.14537037037037037
1 0.5130208333333334 0.5763888888888888 0.04479166666666667 0.125
1 0.8768229166666667 0.6513888888888889 0.03697916666666667 0.14907407407407408
1 0.15338541666666666 0.5069444444444444 0.03697916666666667 0.15648148148148147
1 0.45755208333333336 0.16064814814814815 0.0390625 0.09907407407407408
1 0.06067708333333333 0.9425925925925925 0.04010416666666667 0.10740740740740741
1 0.98046875 0.8069444444444445 0.034895833333333334 0.1398148148148148
1 0.6692708333333334 0.24583333333333332 0.030208333333333334 0.12129629629629629
1 0.7203125 0.9328703703703703 0.03958333333333333 0.12685185185185185
1 0.32057291666666665 0.4949074074074074 0.027604166666666666 0.058333333333333334
0 0.140625 0.06712962962962964 0.025 0.04537037037037037
0 0.32265625 0.5027777777777778 0.015104166666666667 0.018518518518518517