1 0.49921875 0.5532407407407407 0.9942708333333333 0.8824074074074074
1 0.6479166666666667 0.5824074074074074 0.034375 0.1259259259259259
1 0.3341145833333333 0.36203703703703705 0.015104166666666667 0.027777777777777776
1 0.36302083333333335 0.5740740740740741 0.0375 0.13148148148148148
1 0.9020833333333333 0.44305555555555554 0.034375 0.11203703703703703
1 0.6348958333333333 0.275 0.035416666666666666 0.08703703703703704
1 0.5200520833333333 0.3486111111111111 0.025520833333333333 0.09537037037037037
1 0.30026041666666664 0.412962962962963 0.0359375 0.10740740740740741
1 0.6505208333333333 0.36435185185185187 0.030208333333333334 0.09907407407407408
1 0.7322916666666667 0.4648148148148148 0.03125 0.1111111111111111
1 0.45286458333333335 0.350462962962963 0.03697916666666667 0.09537037037037037
1 0.49166666666666664 0.5157407407407407 0.029166666666666667 0.11481481481481481
1 0.26171875 0.30462962962962964 0.0359375 0.08333333333333333
1 0.35911458333333335 0.3824074074074074 0.0328125 0.09444444444444444
1 0.08463541666666667 0.912962962962963 0.04010416666666667 0.1537037037037037
1 0.5346354166666667 0.6449074074074074 0.033854166666666664 0.12129629629629629
1 0.64609375 0.29953703703703705 0.015104166666666667 0.026851851851851852
1 0.34348958333333335 0.42314814814814816 0.0296875 0.0962962962962963
1 0.546875 0.6101851851851852 0.03229166666666667 0.12407407407407407