1 0.49921875 0.6763888888888889 0.9953125 0.637962962962963
1 0.2921875 0.8421296296296297 0.065625 0.15833333333333333
1 0.6122395833333333 0.6398148148148148 0.033854166666666664 0.13703703703703704
1 0.428125 0.6444444444444445 0.03333333333333333 0.14074074074074075
1 0.48098958333333336 0.6134259259259259 0.0484375 0.12129629629629629
1 0.6611979166666667 0.562962962962963 0.034895833333333334 0.09444444444444444
1 0.3065104166666667 0.5944444444444444 0.03802083333333333 0.11666666666666667
1 0.0328125 0.5583333333333333 0.03229166666666667 0.10185185185185185
1 0.5158854166666667 0.5888888888888889 0.034895833333333334 0.11296296296296296
1 0.3776041666666667 0.5083333333333333 0.036458333333333336 0.09814814814814815
1 0.5283854166666667 0.5958333333333333 0.016145833333333335 0.032407407407407406
1 0.42864583333333334 0.5462962962962963 0.0375 0.11666666666666667
1 0.3065104166666667 0.47314814814814815 0.0453125 0.10185185185185185
1 0.5877604166666667 0.5902777777777778 0.0328125 0.1287037037037037
1 0.32734375 0.5388888888888889 0.04114583333333333 0.1