1 0.49921875 0.513425925925926 0.9932291666666667 0.9638888888888889
1 0.7375 0.788425925925926 0.017708333333333333 0.032407407407407406
1 0.32057291666666665 0.8245370370370371 0.044270833333333336 0.125
1 0.40598958333333335 0.6314814814814815 0.04739583333333333 0.12222222222222222
1 0.7302083333333333 0.3925925925925926 0.030208333333333334 0.09444444444444444
1 0.6802083333333333 0.6620370370370371 0.035416666666666666 0.11296296296296296
1 0.240625 0.37962962962962965 0.027083333333333334 0.09259259259259259
1 0.146875 0.37777777777777777 0.036458333333333336 0.08888888888888889
1 0.97109375 0.736574074074074 0.0234375 0.04351851851851852
1 0.9072916666666667 0.40555555555555556 0.028125 0.0962962962962963
1 0.27005208333333336 0.36018518518518516 0.033854166666666664 0.07962962962962963
1 0.7575520833333333 0.7398148148148148 0.0359375 0.12407407407407407
1 0.45364583333333336 0.2953703703703704 0.023958333333333335 0.08703703703703704
1 0.10677083333333333 0.1685185185185185 0.025 0.07407407407407407
1 0.60859375 0.3675925925925926 0.027604166666666666 0.1037037037037037
1 0.42916666666666664 0.31296296296296294 0.026041666666666668 0.08888888888888889
1 0.42526041666666664 0.18055555555555555 0.025520833333333333 0.07592592592592592
1 0.7372395833333333 0.787962962962963 0.027604166666666666 0.044444444444444446
0 0.7372395833333333 0.7861111111111111 0.009895833333333333 0.018518518518518517