1 0.49947916666666664 0.6 0.9947916666666666 0.7888888888888889
1 0.09166666666666666 0.5472222222222223 0.036458333333333336 0.14074074074074075
1 0.15546875 0.425462962962963 0.0328125 0.10092592592592593
1 0.3377604166666667 0.4134259259259259 0.0328125 0.09351851851851851
1 0.5049479166666667 0.4759259259259259 0.04114583333333333 0.10740740740740741
1 0.1734375 0.26481481481481484 0.016666666666666666 0.03148148148148148
1 0.3971354166666667 0.49027777777777776 0.049479166666666664 0.09351851851851851
1 0.65390625 0.41805555555555557 0.0171875 0.026851851851851852
1 0.6377604166666667 0.49583333333333335 0.04739583333333333 0.08981481481481482
1 0.55 0.4162037037037037 0.0375 0.13425925925925927
1 0.7388020833333333 0.41712962962962963 0.0296875 0.06018518518518518
1 0.9359375 0.4791666666666667 0.035416666666666666 0.06944444444444445
1 0.378125 0.39166666666666666 0.025 0.10555555555555556
1 0.5190104166666667 0.33564814814814814 0.018229166666666668 0.03425925925925926
1 0.04765625 0.4976851851851852 0.03177083333333333 0.125
1 0.6963541666666667 0.4041666666666667 0.028125 0.05648148148148148
1 0.8734375 0.43194444444444446 0.03854166666666667 0.09722222222222222
1 0.6153645833333333 0.45555555555555555 0.0296875 0.1037037037037037