1 0.49947916666666664 0.7152777777777778 0.9958333333333333 0.5601851851851852
1 0.7666666666666667 0.8870370370370371 0.03229166666666667 0.13148148148148148
1 0.9143229166666667 0.7814814814814814 0.033854166666666664 0.13333333333333333
1 0.50703125 0.6800925925925926 0.0328125 0.10833333333333334
1 0.26953125 0.7925925925925926 0.03802083333333333 0.11481481481481481
1 0.8356770833333333 0.6152777777777778 0.0359375 0.11574074074074074
1 0.8291666666666667 0.5449074074074074 0.019791666666666666 0.03611111111111111
1 0.8700520833333333 0.9282407407407407 0.05572916666666667 0.13425925925925927
1 0.7229166666666667 0.7870370370370371 0.03125 0.1259259259259259
1 0.70546875 0.5981481481481481 0.028645833333333332 0.09259259259259259
1 0.7190104166666667 0.6893518518518519 0.0296875 0.10833333333333334
1 0.29140625 0.749537037037037 0.0296875 0.11018518518518519
1 0.8908854166666667 0.6819444444444445 0.030729166666666665 0.15462962962962962
1 0.7885416666666667 0.5824074074074074 0.028125 0.10185185185185185
1 0.8908854166666667 0.6685185185185185 0.021354166666666667 0.044444444444444446
1 0.7390625 0.7435185185185185 0.028125 0.12037037037037036
1 0.8588541666666667 0.9347222222222222 0.017708333333333333 0.03981481481481482