1 0.49921875 0.5523148148148148 0.9942708333333333 0.8842592592592593
1 0.5317708333333333 0.6083333333333333 0.03333333333333333 0.1259259259259259
1 0.9559895833333333 0.45694444444444443 0.028645833333333332 0.11203703703703703
1 0.5315104166666667 0.6546296296296297 0.0203125 0.03333333333333333
1 0.6848958333333334 0.2657407407407407 0.041666666666666664 0.08888888888888889
1 0.5184895833333333 0.4930555555555556 0.03697916666666667 0.11574074074074074
1 0.8932291666666666 0.40370370370370373 0.028125 0.10925925925925926
1 0.5705729166666667 0.3509259259259259 0.016145833333333335 0.02962962962962963
1 0.634375 0.26481481481481484 0.029166666666666667 0.09259259259259259
1 0.48359375 0.3472222222222222 0.0328125 0.11296296296296296
1 0.5794270833333334 0.31851851851851853 0.0328125 0.09444444444444444
1 0.5401041666666667 0.3472222222222222 0.03333333333333333 0.0962962962962963