1 0.49921875 0.5 0.9932291666666667 0.9888888888888889
1 0.45338541666666665 0.27361111111111114 0.0171875 0.03611111111111111
1 0.2872395833333333 0.46620370370370373 0.04010416666666667 0.11944444444444445
1 0.45338541666666665 0.6685185185185185 0.04114583333333333 0.12222222222222222
1 0.35182291666666665 0.8203703703703704 0.0578125 0.14629629629629629
1 0.7645833333333333 0.2587962962962963 0.023958333333333335 0.08611111111111111
1 0.334375 0.33796296296296297 0.015625 0.02962962962962963
1 0.21822916666666667 0.21666666666666667 0.03229166666666667 0.08703703703703704
1 0.5028645833333333 0.21851851851851853 0.03802083333333333 0.08888888888888889
1 0.3421875 0.3199074074074074 0.030208333333333334 0.10092592592592593
1 0.6455729166666667 0.17546296296296296 0.0328125 0.08425925925925926
1 0.41432291666666665 0.18981481481481483 0.0234375 0.08703703703703704
0 0.453125 0.2712962962962963 0.008333333333333333 0.022222222222222223