1 0.49921875 0.5018518518518519 0.9932291666666667 0.9851851851851852
1 0.44895833333333335 0.7203703703703703 0.04791666666666667 0.1388888888888889
1 0.4484375 0.17685185185185184 0.017708333333333333 0.03518518518518519
1 0.3059895833333333 0.5162037037037037 0.0328125 0.12129629629629629
1 0.34088541666666666 0.8726851851851852 0.04114583333333333 0.16018518518518518
1 0.34375 0.35462962962962963 0.040625 0.1037037037037037
1 0.7549479166666667 0.2777777777777778 0.025520833333333333 0.08518518518518518
1 0.5098958333333333 0.25277777777777777 0.028125 0.08888888888888889
1 0.21484375 0.2523148148148148 0.030729166666666665 0.08981481481481482
1 0.35494791666666664 0.3912037037037037 0.0171875 0.028703703703703703
1 0.6479166666666667 0.2101851851851852 0.03125 0.08518518518518518
1 0.40729166666666666 0.22361111111111112 0.03125 0.08611111111111111
1 0.29791666666666666 0.5375 0.016666666666666666 0.03425925925925926
1 0.3221354166666667 0.14351851851851852 0.0265625 0.07777777777777778
0 0.4479166666666667 0.17407407407407408 0.008333333333333333 0.018518518518518517