1 0.51796875 0.6731481481481482 0.019270833333333334 0.03888888888888889
1 0.49921875 0.7143518518518519 0.9953125 0.562037037037037
1 0.5609375 0.6856481481481481 0.036458333333333336 0.15462962962962962
1 0.33229166666666665 0.7782407407407408 0.04479166666666667 0.15833333333333333
1 0.2109375 0.8666666666666667 0.042708333333333334 0.18703703703703703
1 0.10963541666666667 0.7398148148148148 0.0453125 0.1685185185185185
1 0.20338541666666668 0.6851851851851852 0.04010416666666667 0.1425925925925926
1 0.38333333333333336 0.7611111111111111 0.040625 0.16666666666666666
1 0.7955729166666666 0.7398148148148148 0.022395833333333334 0.03888888888888889
1 0.33828125 0.649537037037037 0.06822916666666666 0.13796296296296295
1 0.29973958333333334 0.7240740740740741 0.04114583333333333 0.14814814814814814
1 0.05026041666666667 0.6680555555555555 0.04635416666666667 0.13055555555555556
1 0.140625 0.6578703703703703 0.042708333333333334 0.14166666666666666
1 0.0921875 0.6537037037037037 0.041666666666666664 0.1574074074074074
0 0.5177083333333333 0.6699074074074074 0.010416666666666666 0.023148148148148147