1 0.49947916666666664 0.5569444444444445 0.99375 0.875
1 0.3578125 0.6861111111111111 0.01875 0.03148148148148148
1 0.8322916666666667 0.7013888888888888 0.03125 0.12314814814814815
1 0.39296875 0.6685185185185185 0.06614583333333333 0.1037037037037037
1 0.5638020833333334 0.6759259259259259 0.019270833333333334 0.03333333333333333
1 0.946875 0.687037037037037 0.03958333333333333 0.13333333333333333
1 0.546875 0.6402777777777777 0.05416666666666667 0.10833333333333334
1 0.4510416666666667 0.31203703703703706 0.026041666666666668 0.08703703703703704
1 0.3028645833333333 0.4212962962962963 0.030729166666666665 0.10740740740740741
1 0.6739583333333333 0.4912037037037037 0.034375 0.10092592592592593
1 0.6322916666666667 0.41805555555555557 0.035416666666666666 0.09166666666666666
1 0.35104166666666664 0.6050925925925926 0.03854166666666667 0.08611111111111111
1 0.440625 0.586574074074074 0.03854166666666667 0.12129629629629629
1 0.9424479166666667 0.36898148148148147 0.03802083333333333 0.09722222222222222
1 0.64765625 0.30787037037037035 0.0328125 0.08981481481481482
1 0.253125 0.4962962962962963 0.03854166666666667 0.11481481481481481
0 0.3578125 0.6842592592592592 0.010416666666666666 0.016666666666666666