1 0.48463541666666665 0.6421296296296296 0.0234375 0.04351851851851852
1 0.49322916666666666 0.5824074074074074 0.08125 0.24259259259259258
1 0.64921875 0.4875 0.09947916666666666 0.21203703703703702
1 0.49921875 0.5009259259259259 0.9942708333333333 0.9888888888888889
1 0.81796875 0.6069444444444444 0.07135416666666666 0.21574074074074073
1 0.7192708333333333 0.5333333333333333 0.07083333333333333 0.24444444444444444
1 0.5497395833333333 0.35185185185185186 0.0703125 0.2074074074074074
1 0.5109375 0.6796296296296296 0.01875 0.04259259259259259
1 0.22057291666666667 0.4425925925925926 0.18177083333333333 0.10185185185185185
1 0.5234375 0.35509259259259257 0.017708333333333333 0.049074074074074076
0 0.48359375 0.6398148148148148 0.0140625 0.03148148148148148