1 0.49921875 0.5564814814814815 0.9942708333333333 0.8759259259259259
1 0.5494791666666666 0.5300925925925926 0.051041666666666666 0.11944444444444445
1 0.28046875 0.44675925925925924 0.03802083333333333 0.11944444444444445
1 0.9432291666666667 0.30833333333333335 0.03125 0.11851851851851852
1 0.8276041666666667 0.38981481481481484 0.03125 0.12037037037037036
1 0.18177083333333333 0.43194444444444446 0.040625 0.125
1 0.484375 0.4615740740740741 0.041666666666666664 0.12314814814814815
1 0.4356770833333333 0.41064814814814815 0.028645833333333332 0.1175925925925926
1 0.70390625 0.38657407407407407 0.0265625 0.125
1 0.33932291666666664 0.3050925925925926 0.0265625 0.05462962962962963
1 0.6401041666666667 0.2949074074074074 0.03229166666666667 0.12314814814814815
1 0.93984375 0.35185185185185186 0.021354166666666667 0.03148148148148148
1 0.49166666666666664 0.3537037037037037 0.03229166666666667 0.11666666666666667
1 0.7434895833333334 0.32546296296296295 0.034895833333333334 0.11388888888888889
1 0.9596354166666666 0.9384259259259259 0.0328125 0.1175925925925926
1 0.55625 0.24583333333333332 0.029166666666666667 0.11388888888888889
1 0.34010416666666665 0.3162037037037037 0.030208333333333334 0.09537037037037037
1 0.8184895833333333 0.29305555555555557 0.043229166666666666 0.10462962962962963
1 0.37864583333333335 0.35555555555555557 0.0375 0.12222222222222222
1 0.29192708333333334 0.44907407407407407 0.0171875 0.02962962962962963
0 0.3390625 0.3037037037037037 0.01875 0.037037037037037035