1 0.498828125 0.5868055555555556 0.99453125 0.6458333333333334
1 0.23359375 0.425 0.015625 0.027777777777777776
1 0.28203125 0.5020833333333333 0.0375 0.09027777777777778
1 0.0640625 0.5368055555555555 0.03125 0.08472222222222223
1 0.548046875 0.4013888888888889 0.03046875 0.06666666666666667
1 0.507421875 0.4326388888888889 0.02890625 0.0763888888888889
1 0.15390625 0.3972222222222222 0.0296875 0.05555555555555555
1 0.21640625 0.4027777777777778 0.0328125 0.06944444444444445
1 0.0453125 0.42291666666666666 0.025 0.06805555555555555
1 0.206640625 0.42291666666666666 0.01484375 0.029166666666666667
1 0.183203125 0.3472222222222222 0.02421875 0.06111111111111111
1 0.094140625 0.37916666666666665 0.02578125 0.07222222222222222
0 0.23359375 0.4222222222222222 0.00625 0.011111111111111112