1 0.5638020833333334 0.5597222222222222 0.37552083333333336 0.8712962962962963
1 0.40989583333333335 0.524074074074074 0.021875 0.04259259259259259
1 0.8010416666666667 0.5259259259259259 0.21770833333333334 0.9407407407407408
1 0.0671875 0.5356481481481481 0.13125 0.9194444444444444
1 0.6265625 0.9569444444444445 0.05 0.0787037037037037
1 0.49947916666666664 0.9546296296296296 0.9958333333333333 0.08333333333333333
1 0.6520833333333333 0.7555555555555555 0.035416666666666666 0.09814814814814815
1 0.36432291666666666 0.5486111111111112 0.10677083333333333 0.3398148148148148
1 0.9158854166666667 0.48657407407407405 0.1265625 0.44351851851851853
1 0.70546875 0.3282407407407407 0.024479166666666666 0.04537037037037037
0 0.22682291666666668 0.16435185185185186 0.034895833333333334 0.05092592592592592