1 0.49973958333333335 0.7092592592592593 0.9953125 0.5722222222222222
1 0.2890625 0.5935185185185186 0.03333333333333333 0.08888888888888889
1 0.59765625 0.6513888888888889 0.0484375 0.10833333333333334
1 0.8643229166666667 0.6560185185185186 0.0328125 0.13796296296296295
1 0.8182291666666667 0.5875 0.04479166666666667 0.10462962962962963
1 0.7072916666666667 0.6481481481481481 0.0375 0.11481481481481481
1 0.5375 0.6513888888888889 0.034375 0.10648148148148148
1 0.8346354166666666 0.612037037037037 0.015104166666666667 0.03148148148148148
1 0.8713541666666667 0.6902777777777778 0.015625 0.028703703703703703
1 0.65 0.5560185185185185 0.041666666666666664 0.08796296296296297
1 0.63203125 0.600925925925926 0.0421875 0.0962962962962963
1 0.6661458333333333 0.6337962962962963 0.046875 0.09907407407407408
1 0.8057291666666667 0.6263888888888889 0.01875 0.026851851851851852