1 0.49895833333333334 0.5416666666666666 0.99375 0.9074074074074074
1 0.7130208333333333 0.6717592592592593 0.01875 0.03611111111111111
1 0.26588541666666665 0.7953703703703704 0.033854166666666664 0.12962962962962962
1 0.5333333333333333 0.5837962962962963 0.042708333333333334 0.08981481481481482
1 0.9122395833333333 0.7865740740740741 0.0234375 0.04351851851851852
1 0.659375 0.4236111111111111 0.028125 0.08981481481481482
1 0.3848958333333333 0.5907407407407408 0.035416666666666666 0.09074074074074075
1 0.78046875 0.7074074074074074 0.0328125 0.11481481481481481
1 0.26979166666666665 0.5634259259259259 0.035416666666666666 0.08981481481481482
1 0.55703125 0.38981481481481484 0.028645833333333332 0.09814814814814815
1 0.23151041666666666 0.37592592592592594 0.0296875 0.08518518518518518
1 0.06927083333333334 0.412962962962963 0.051041666666666666 0.1037037037037037
1 0.80625 0.4148148148148148 0.03125 0.08518518518518518
1 0.17317708333333334 0.42685185185185187 0.030729166666666665 0.1
1 0.5838541666666667 0.19537037037037036 0.025 0.07222222222222222
1 0.35 0.35185185185185186 0.028125 0.08703703703703704
0 0.7130208333333333 0.6699074074074074 0.010416666666666666 0.021296296296296296