1 0.49947916666666664 0.6861111111111111 0.9947916666666666 0.6185185185185185
1 0.6291666666666667 0.4708333333333333 0.014583333333333334 0.026851851851851852
1 0.12395833333333334 0.7550925925925925 0.034375 0.12314814814814815
1 0.91328125 0.763425925925926 0.034895833333333334 0.12314814814814815
1 0.3841145833333333 0.5449074074074074 0.04010416666666667 0.10833333333333334
1 0.2671875 0.6722222222222223 0.034375 0.11296296296296296
1 0.8450520833333334 0.6555555555555556 0.0296875 0.11296296296296296
1 0.8796875 0.6069444444444444 0.03333333333333333 0.10462962962962963
1 0.4388020833333333 0.5041666666666667 0.0296875 0.09166666666666666
1 0.6622395833333333 0.5212962962962963 0.0359375 0.1
1 0.49375 0.5212962962962963 0.03333333333333333 0.08703703703703704
1 0.6924479166666667 0.5314814814814814 0.030729166666666665 0.0962962962962963
1 0.8309895833333333 0.44027777777777777 0.030729166666666665 0.075
1 0.49296875 0.4513888888888889 0.024479166666666666 0.08055555555555556
1 0.6177083333333333 0.4203703703703704 0.027083333333333334 0.08703703703703704
1 0.571875 0.6106481481481482 0.04583333333333333 0.11203703703703703
0 0.62890625 0.4689814814814815 0.0067708333333333336 0.012037037037037037