1 0.49895833333333334 0.6268518518518519 0.9947916666666666 0.7351851851851852
1 0.5765625 0.586574074074074 0.01875 0.030555555555555555
1 0.5541666666666667 0.5453703703703704 0.05625 0.05925925925925926
1 0.19244791666666666 0.5833333333333334 0.0328125 0.1425925925925926
1 0.5854166666666667 0.5402777777777777 0.03958333333333333 0.13425925925925927
1 0.3260416666666667 0.5449074074074074 0.0375 0.14166666666666666
1 0.43854166666666666 0.4981481481481482 0.04479166666666667 0.10740740740740741
1 0.034895833333333334 0.4986111111111111 0.0375 0.12685185185185185
1 0.15182291666666667 0.4615740740740741 0.034895833333333334 0.12129629629629629
1 0.6119791666666666 0.49675925925925923 0.035416666666666666 0.125
1 0.37057291666666664 0.48194444444444445 0.03697916666666667 0.13240740740740742
1 0.353125 0.42777777777777776 0.03333333333333333 0.12407407407407407
1 0.49505208333333334 0.38842592592592595 0.033854166666666664 0.11388888888888889
1 0.20598958333333334 0.46805555555555556 0.016145833333333335 0.025
1 0.1109375 0.38472222222222224 0.03125 0.11388888888888889
0 0.5765625 0.5842592592592593 0.010416666666666666 0.016666666666666666