1 0.49947916666666664 0.6773148148148148 0.9947916666666666 0.6361111111111111
1 0.4109375 0.6305555555555555 0.017708333333333333 0.02962962962962963
1 0.40572916666666664 0.8324074074074074 0.03958333333333333 0.14629629629629629
1 0.5015625 0.712037037037037 0.034375 0.12407407407407407
1 0.3611979166666667 0.6282407407407408 0.030729166666666665 0.09351851851851851
1 0.23958333333333334 0.6425925925925926 0.03125 0.10925925925925926
1 0.696875 0.5777777777777777 0.03125 0.1111111111111111
1 0.07552083333333333 0.5157407407407407 0.026041666666666668 0.09814814814814815
1 0.753125 0.6101851851851852 0.03958333333333333 0.1111111111111111
1 0.4244791666666667 0.5680555555555555 0.030208333333333334 0.09537037037037037
1 0.6096354166666667 0.5324074074074074 0.03802083333333333 0.1425925925925926
1 0.7411458333333333 0.5486111111111112 0.03229166666666667 0.09537037037037037
1 0.36640625 0.6347222222222222 0.0171875 0.030555555555555555
0 0.41041666666666665 0.6277777777777778 0.008333333333333333 0.012962962962962963