1 0.49947916666666664 0.6388888888888888 0.9947916666666666 0.7129629629629629
1 0.5856770833333333 0.7268518518518519 0.034895833333333334 0.12777777777777777
1 0.8041666666666667 0.4212962962962963 0.034375 0.11481481481481481
1 0.27291666666666664 0.48935185185185187 0.03854166666666667 0.08055555555555556
1 0.44765625 0.6476851851851851 0.044270833333333336 0.11944444444444445
1 0.3729166666666667 0.6402777777777777 0.029166666666666667 0.11944444444444445
1 0.8471354166666667 0.6337962962962963 0.03177083333333333 0.125
1 0.684375 0.6754629629629629 0.035416666666666666 0.13425925925925927
1 0.5817708333333333 0.4898148148148148 0.035416666666666666 0.10555555555555556
1 0.53203125 0.5976851851851852 0.03177083333333333 0.10833333333333334
1 0.4627604166666667 0.5550925925925926 0.0390625 0.09907407407407408
1 0.5192708333333333 0.5305555555555556 0.03333333333333333 0.10185185185185185
1 0.7934895833333333 0.3763888888888889 0.0140625 0.028703703703703703