1 0.49921875 0.5851851851851851 0.9942708333333333 0.8185185185185185
1 0.5497395833333333 0.5050925925925925 0.0515625 0.15462962962962962
1 0.503125 0.5143518518518518 0.041666666666666664 0.13425925925925927
1 0.1484375 0.4444444444444444 0.05625 0.12962962962962962
1 0.30703125 0.38425925925925924 0.033854166666666664 0.13703703703703704
1 0.4348958333333333 0.4564814814814815 0.03333333333333333 0.08888888888888889
1 0.65234375 0.44027777777777777 0.043229166666666666 0.13796296296296295
1 0.8046875 0.5013888888888889 0.019791666666666666 0.03611111111111111
1 0.2591145833333333 0.3611111111111111 0.04010416666666667 0.13518518518518519
1 0.13958333333333334 0.36064814814814816 0.05 0.11944444444444445
1 0.47317708333333336 0.3523148148148148 0.0359375 0.125
1 0.34817708333333336 0.30462962962962964 0.0453125 0.08888888888888889
1 0.6674479166666667 0.49675925925925923 0.019270833333333334 0.030555555555555555
1 0.5294270833333333 0.5212962962962963 0.016145833333333335 0.02962962962962963
1 0.8494791666666667 0.538425925925926 0.03854166666666667 0.03981481481481482
1 0.565625 0.5680555555555555 0.020833333333333332 0.028703703703703703
1 0.5580729166666667 0.525 0.0171875 0.03333333333333333
1 0.7440104166666667 0.4111111111111111 0.24322916666666666 0.26851851851851855