1 0.49947916666666664 0.6949074074074074 0.9947916666666666 0.600925925925926
1 0.2755208333333333 0.612037037037037 0.04791666666666667 0.09444444444444444
1 0.44895833333333335 0.6013888888888889 0.016666666666666666 0.030555555555555555
1 0.8244791666666667 0.8023148148148148 0.03854166666666667 0.13796296296296295
1 0.7669270833333334 0.6699074074074074 0.03802083333333333 0.12314814814814815
1 0.5440104166666667 0.7916666666666666 0.050520833333333334 0.14074074074074075
1 0.678125 0.5449074074074074 0.03125 0.10833333333333334
1 0.63125 0.5810185185185185 0.027083333333333334 0.10462962962962963
1 0.565625 0.6412037037037037 0.0375 0.11944444444444445
1 0.4869791666666667 0.6930555555555555 0.036458333333333336 0.12129629629629629
1 0.5174479166666667 0.6597222222222222 0.034895833333333334 0.11203703703703703
1 0.6901041666666666 0.9407407407407408 0.040625 0.1111111111111111
1 0.21875 0.5597222222222222 0.19583333333333333 0.21944444444444444
0 0.44895833333333335 0.5986111111111111 0.008333333333333333 0.01574074074074074