1 0.49973958333333335 0.5939814814814814 0.9953125 0.8009259259259259
1 0.48333333333333334 0.37592592592592594 0.015625 0.027777777777777776
1 0.31223958333333335 0.5648148148148148 0.043229166666666666 0.1111111111111111
1 0.48411458333333335 0.6106481481481482 0.0328125 0.12129629629629629
1 0.12682291666666667 0.6101851851851852 0.030729166666666665 0.11296296296296296
1 0.6252604166666667 0.6615740740740741 0.033854166666666664 0.11574074074074074
1 0.8619791666666666 0.5486111111111112 0.036458333333333336 0.12685185185185185
1 0.8265625 0.3800925925925926 0.027083333333333334 0.09166666666666666
1 0.22916666666666666 0.5166666666666667 0.03333333333333333 0.1
1 0.55390625 0.36944444444444446 0.0390625 0.08148148148148149
1 0.11197916666666667 0.4273148148148148 0.017708333333333333 0.032407407407407406
1 0.52734375 0.32222222222222224 0.03177083333333333 0.06296296296296296
1 0.6388020833333333 0.34120370370370373 0.03697916666666667 0.08055555555555556
1 0.13958333333333334 0.600925925925926 0.016666666666666666 0.027777777777777776
1 0.18619791666666666 0.5921296296296297 0.0265625 0.11574074074074074
1 0.9854166666666667 0.85 0.026041666666666668 0.1574074074074074
1 0.48359375 0.3763888888888889 0.022395833333333334 0.03981481481481482
1 0.6736979166666667 0.5462962962962963 0.027604166666666666 0.11296296296296296
1 0.33489583333333334 0.475462962962963 0.027083333333333334 0.10462962962962963
1 0.8119791666666667 0.3087962962962963 0.028125 0.075
1 0.71640625 0.3453703703703704 0.0296875 0.07777777777777778
1 0.7473958333333334 0.37407407407407406 0.028125 0.08518518518518518
0 0.4828125 0.3736111111111111 0.007291666666666667 0.012037037037037037