1 0.49947916666666664 0.8847222222222222 0.9958333333333333 0.22314814814814815
1 0.5239583333333333 0.6416666666666667 0.44166666666666665 0.3333333333333333
1 0.7223958333333333 0.7476851851851852 0.1375 0.08981481481481482
1 0.4703125 0.5 0.13854166666666667 0.6240740740740741
1 0.41953125 0.5837962962962963 0.6151041666666667 0.4398148148148148
1 0.052083333333333336 0.4925925925925926 0.10208333333333333 0.5962962962962963
1 0.20703125 0.6782407407407407 0.19635416666666666 0.22685185185185186
1 0.23854166666666668 0.5837962962962963 0.259375 0.41574074074074074
1 0.37265625 0.5699074074074074 0.1421875 0.4842592592592593
0 0.7690104166666667 0.7527777777777778 0.03697916666666667 0.06111111111111111
0 0.16302083333333334 0.14675925925925926 0.04895833333333333 0.11018518518518519
0 0.5786458333333333 0.500462962962963 0.028125 0.04537037037037037