1 0.499609375 0.6333333333333333 0.99453125 0.5527777777777778
1 0.452734375 0.5909722222222222 0.14609375 0.6375
1 0.490625 0.8361111111111111 0.0453125 0.06111111111111111
1 0.802734375 0.4152777777777778 0.05546875 0.26666666666666666
1 0.277734375 0.4597222222222222 0.03515625 0.125
1 0.515234375 0.5784722222222223 0.02265625 0.04861111111111111
1 0.679296875 0.5347222222222222 0.23359375 0.7416666666666667
1 0.847265625 0.4048611111111111 0.05703125 0.24861111111111112
1 0.47421875 0.6875 0.0234375 0.06388888888888888
1 0.7609375 0.6659722222222222 0.0234375 0.04027777777777778
1 0.558203125 0.4097222222222222 0.03046875 0.09444444444444444
1 0.585546875 0.40902777777777777 0.02734375 0.1125
0 0.585546875 0.5201388888888889 0.03359375 0.05138888888888889