1 0.30078125 0.6226851851851852 0.0203125 0.03611111111111111
1 0.49895833333333334 0.5967592592592592 0.9947916666666666 0.7972222222222223
1 0.27057291666666666 0.8310185185185185 0.04635416666666667 0.19537037037037036
1 0.325 0.7666666666666667 0.04479166666666667 0.2
1 0.7375 0.4888888888888889 0.041666666666666664 0.15
1 0.16432291666666668 0.711574074074074 0.044270833333333336 0.18055555555555555
1 0.03203125 0.6995370370370371 0.04635416666666667 0.18796296296296297
1 0.23151041666666666 0.7060185185185185 0.04010416666666667 0.19722222222222222
1 0.96171875 0.5662037037037037 0.0296875 0.04537037037037037
1 0.23411458333333332 0.6013888888888889 0.04739583333333333 0.16018518518518518
1 0.7744791666666667 0.4537037037037037 0.2864583333333333 0.30925925925925923
0 0.30078125 0.6203703703703703 0.011979166666666667 0.022222222222222223