1 0.49921875 0.5879629629629629 0.9942708333333333 0.812962962962963
1 0.5473958333333333 0.3939814814814815 0.017708333333333333 0.030555555555555555
1 0.6375 0.4675925925925926 0.042708333333333334 0.12407407407407407
1 0.8158854166666667 0.549537037037037 0.0484375 0.1287037037037037
1 0.5619791666666667 0.4703703703703704 0.0375 0.1259259259259259
1 0.40859375 0.3300925925925926 0.0453125 0.10648148148148148
1 0.54453125 0.33101851851851855 0.043229166666666666 0.10092592592592593
1 0.4427083333333333 0.42407407407407405 0.041666666666666664 0.10925925925925926
1 0.47109375 0.3574074074074074 0.0390625 0.11296296296296296
1 0.11354166666666667 0.40370370370370373 0.035416666666666666 0.1111111111111111
1 0.10651041666666666 0.31296296296296294 0.049479166666666664 0.1037037037037037
1 0.8877604166666667 0.3925925925925926 0.04114583333333333 0.09814814814814815
1 0.5125 0.3189814814814815 0.035416666666666666 0.11203703703703703
0 0.5471354166666667 0.3921296296296296 0.008854166666666666 0.01574074074074074