1 0.49921875 0.5550925925925926 0.9942708333333333 0.8805555555555555
1 0.28411458333333334 0.6675925925925926 0.0171875 0.03148148148148148
1 0.38619791666666664 0.41203703703703703 0.0359375 0.10185185185185185
1 0.8734375 0.7388888888888889 0.04479166666666667 0.13703703703703704
1 0.5921875 0.6203703703703703 0.05416666666666667 0.11851851851851852
1 0.6765625 0.3388888888888889 0.013541666666666667 0.02962962962962963
1 0.6638020833333333 0.3148148148148148 0.03802083333333333 0.09074074074074075
1 0.5059895833333333 0.3143518518518518 0.03802083333333333 0.09166666666666666
1 0.521875 0.5611111111111111 0.041666666666666664 0.11666666666666667
1 0.7020833333333333 0.49583333333333335 0.03854166666666667 0.10092592592592593
1 0.3221354166666667 0.6486111111111111 0.0359375 0.10648148148148148
1 0.6669270833333333 0.43703703703703706 0.030729166666666665 0.09259259259259259
1 0.0765625 0.3282407407407407 0.051041666666666666 0.09722222222222222
1 0.6114583333333333 0.6574074074074074 0.016666666666666666 0.03518518518518519
1 0.9734375 0.6467592592592593 0.046875 0.1287037037037037
1 0.32369791666666664 0.5046296296296297 0.034895833333333334 0.11296296296296296
1 0.2838541666666667 0.6680555555555555 0.027083333333333334 0.04722222222222222
0 0.2838541666666667 0.6652777777777777 0.009375 0.01574074074074074