1 0.1859375 0.3990740740740741 0.022916666666666665 0.03333333333333333
1 0.49921875 0.6069444444444444 0.9953125 0.7768518518518519
1 0.4515625 0.7208333333333333 0.128125 0.2935185185185185
1 0.34765625 0.39444444444444443 0.0671875 0.13333333333333333
1 0.8434895833333333 0.39444444444444443 0.05260416666666667 0.11851851851851852
1 0.76875 0.38333333333333336 0.04583333333333333 0.12407407407407407
1 0.57109375 0.4074074074074074 0.04635416666666667 0.15555555555555556
1 0.08697916666666666 0.3763888888888889 0.04479166666666667 0.12685185185185185
1 0.4518229166666667 0.37777777777777777 0.03802083333333333 0.1111111111111111
1 0.41744791666666664 0.3814814814814815 0.0390625 0.13333333333333333
1 0.29583333333333334 0.34305555555555556 0.04375 0.08981481481481482
1 0.05546875 0.3527777777777778 0.0421875 0.12037037037037036
1 0.53125 0.30462962962962964 0.028125 0.08333333333333333
1 0.6411458333333333 0.350462962962963 0.029166666666666667 0.1175925925925926
0 0.1859375 0.39675925925925926 0.015625 0.017592592592592594