1 0.33098958333333334 0.7194444444444444 0.3078125 0.48703703703703705
1 0.765625 0.5509259259259259 0.23854166666666668 0.5018518518518519
1 0.49973958333333335 0.7712962962962963 0.9942708333333333 0.4462962962962963
1 0.4703125 0.586574074074074 0.029166666666666667 0.06388888888888888
1 0.53671875 0.49953703703703706 0.07447916666666667 0.23981481481481481
1 0.22786458333333334 0.5648148148148148 0.016145833333333335 0.03148148148148148
1 0.17395833333333333 0.512962962962963 0.09270833333333334 0.387037037037037
1 0.9736979166666667 0.48333333333333334 0.0484375 0.23148148148148148
1 0.18776041666666668 0.5597222222222222 0.0359375 0.05648148148148148
1 0.228125 0.5648148148148148 0.023958333333333335 0.044444444444444446
1 0.41067708333333336 0.9268518518518518 0.033854166666666664 0.06481481481481481