1 0.49921875 0.6175925925925926 0.9942708333333333 0.7555555555555555
1 0.40859375 0.6208333333333333 0.0359375 0.14166666666666666
1 0.9203125 0.4726851851851852 0.034375 0.125
1 0.7299479166666667 0.5699074074074074 0.03697916666666667 0.13055555555555556
1 0.7333333333333333 0.4324074074074074 0.036458333333333336 0.1037037037037037
1 0.21328125 0.3486111111111111 0.028645833333333332 0.10462962962962963
1 0.18151041666666667 0.3472222222222222 0.0328125 0.10555555555555556
1 0.78203125 0.30833333333333335 0.03697916666666667 0.0962962962962963
1 0.6213541666666667 0.31203703703703706 0.03854166666666667 0.09444444444444444
1 0.09375 0.28379629629629627 0.030208333333333334 0.09722222222222222
1 0.9716145833333333 0.6555555555555556 0.04010416666666667 0.14444444444444443
1 0.41458333333333336 0.26666666666666666 0.03333333333333333 0.09444444444444444
1 0.9119791666666667 0.5189814814814815 0.016666666666666666 0.032407407407407406
1 0.7296875 0.29907407407407405 0.034375 0.09444444444444444
1 0.69296875 0.3662037037037037 0.0296875 0.09722222222222222
1 0.45677083333333335 0.26481481481481484 0.028125 0.0962962962962963
1 0.5111979166666667 0.2625 0.0359375 0.0787037037037037