1 0.49973958333333335 0.7013888888888888 0.016145833333333335 0.028703703703703703
1 0.49947916666666664 0.7222222222222222 0.9958333333333333 0.5462962962962963
1 0.7481770833333333 0.8337962962962963 0.059895833333333336 0.14907407407407408
1 0.15078125 0.7087962962962963 0.0359375 0.09351851851851851
1 0.8984375 0.6662037037037037 0.030208333333333334 0.11018518518518519
1 0.6817708333333333 0.6615740740740741 0.041666666666666664 0.14166666666666666
1 0.47552083333333334 0.6648148148148149 0.036458333333333336 0.11666666666666667
1 0.6265625 0.6032407407407407 0.0375 0.10648148148148148
1 0.48541666666666666 0.5824074074074074 0.03229166666666667 0.09259259259259259
1 0.33046875 0.6509259259259259 0.0578125 0.053703703703703705
1 0.4466145833333333 0.6435185185185185 0.04114583333333333 0.1037037037037037
1 0.42109375 0.5925925925925926 0.034895833333333334 0.09259259259259259
0 0.49947916666666664 0.6990740740740741 0.007291666666666667 0.012962962962962963