1 0.49921875 0.7145833333333333 0.9953125 0.39305555555555555
1 0.665625 0.55625 0.01875 0.0375
1 0.402734375 0.4756944444444444 0.16484375 0.3458333333333333
1 0.574609375 0.5194444444444445 0.07421875 0.13333333333333333
1 0.342578125 0.5263888888888889 0.03046875 0.044444444444444446
1 0.487890625 0.4930555555555556 0.04921875 0.17777777777777778
1 0.337109375 0.5152777777777777 0.05078125 0.14722222222222223
1 0.85234375 0.4875 0.0421875 0.10833333333333334
1 0.02890625 0.4826388888888889 0.0546875 0.24861111111111112
1 0.203515625 0.5090277777777777 0.04765625 0.1375
0 0.665625 0.5541666666666667 0.009375 0.022222222222222223