1 0.49947916666666664 0.7032407407407407 0.9947916666666666 0.5842592592592593
1 0.8880208333333334 0.5273148148148148 0.03333333333333333 0.08425925925925926
1 0.7338541666666667 0.6125 0.03958333333333333 0.09166666666666666
1 0.04583333333333333 0.5722222222222222 0.03125 0.09074074074074075
1 0.7463541666666667 0.6310185185185185 0.015625 0.025
1 0.70390625 0.5143518518518518 0.03177083333333333 0.08425925925925926
1 0.9830729166666666 0.48333333333333334 0.0296875 0.07962962962962963
1 0.81953125 0.44675925925925924 0.033854166666666664 0.06759259259259259
1 0.7518229166666667 0.5143518518518518 0.016145833333333335 0.028703703703703703
1 0.8973958333333333 0.5527777777777778 0.015625 0.03333333333333333
1 0.73671875 0.49166666666666664 0.043229166666666666 0.08148148148148149