1 0.49895833333333334 0.5226851851851851 0.99375 0.9435185185185185
1 0.14375 0.6328703703703704 0.071875 0.13796296296296295
1 0.22421875 0.5953703703703703 0.0453125 0.13333333333333333
1 0.3614583333333333 0.48657407407407405 0.0375 0.14351851851851852
1 0.5057291666666667 0.6398148148148148 0.035416666666666666 0.16111111111111112
1 0.5346354166666667 0.5564814814814815 0.04010416666666667 0.1388888888888889
1 0.46796875 0.5273148148148148 0.05260416666666667 0.11944444444444445
1 0.18489583333333334 0.449537037037037 0.04791666666666667 0.11944444444444445
1 0.09166666666666666 0.40694444444444444 0.034375 0.13796296296296295
1 0.52265625 0.5944444444444444 0.019270833333333334 0.037037037037037035
1 0.21171875 0.3337962962962963 0.033854166666666664 0.1287037037037037
1 0.050520833333333334 0.3138888888888889 0.052083333333333336 0.11296296296296296
1 0.5776041666666667 0.3625 0.04479166666666667 0.09537037037037037
1 0.6674479166666667 0.22037037037037038 0.018229166666666668 0.03333333333333333
1 0.45338541666666665 0.40370370370370373 0.03177083333333333 0.13518518518518519
1 0.146875 0.6458333333333334 0.026041666666666668 0.03981481481481482
1 0.8518229166666667 0.9375 0.08385416666666666 0.1175925925925926
1 0.26328125 0.34305555555555556 0.033854166666666664 0.1361111111111111
1 0.06666666666666667 0.3125 0.017708333333333333 0.030555555555555555
1 0.2984375 0.40879629629629627 0.0375 0.14351851851851852
1 0.325 0.44212962962962965 0.03958333333333333 0.11388888888888889
1 0.73125 0.2949074074074074 0.23333333333333334 0.2638888888888889