1 0.49947916666666664 0.700462962962963 0.9947916666666666 0.5898148148148148
1 0.06875 0.5587962962962963 0.03854166666666667 0.09722222222222222
1 0.34140625 0.6259259259259259 0.03697916666666667 0.10185185185185185
1 0.5747395833333333 0.45092592592592595 0.015104166666666667 0.025925925925925925
1 0.5205729166666667 0.5180555555555556 0.0296875 0.08981481481481482
1 0.5518229166666667 0.5125 0.034895833333333334 0.08425925925925926
1 0.36666666666666664 0.4824074074074074 0.027083333333333334 0.08703703703703704
1 0.19895833333333332 0.49675925925925923 0.03333333333333333 0.08796296296296297
1 0.40182291666666664 0.4685185185185185 0.0359375 0.08888888888888889
1 0.5432291666666667 0.5287037037037037 0.01875 0.027777777777777776
1 0.05677083333333333 0.4532407407407407 0.030208333333333334 0.08425925925925926
1 0.13177083333333334 0.4671296296296296 0.0375 0.08796296296296297