1 0.498828125 0.5027777777777778 0.99296875 0.8277777777777777
1 0.382421875 0.42986111111111114 0.08828125 0.24583333333333332
1 0.362109375 0.8298611111111112 0.11484375 0.1625
1 0.598828125 0.3861111111111111 0.08359375 0.24722222222222223
1 0.5703125 0.4166666666666667 0.0234375 0.041666666666666664
1 0.28046875 0.16180555555555556 0.05625 0.14583333333333334
1 0.3703125 0.7715277777777778 0.7359375 0.28194444444444444
1 0.410546875 0.46944444444444444 0.02734375 0.04722222222222222
1 0.572265625 0.4173611111111111 0.03515625 0.05694444444444444
1 0.385546875 0.32083333333333336 0.11484375 0.25
0 0.43046875 0.3611111111111111 0.0203125 0.030555555555555555