1 0.49895833333333334 0.5652777777777778 0.99375 0.8583333333333333
1 0.6244791666666667 0.6611111111111111 0.04479166666666667 0.11851851851851852
1 0.41380208333333335 0.4810185185185185 0.03802083333333333 0.10648148148148148
1 0.2838541666666667 0.4134259259259259 0.035416666666666666 0.11203703703703703
1 0.48151041666666666 0.29259259259259257 0.0359375 0.09074074074074075
1 0.2109375 0.46574074074074073 0.029166666666666667 0.11481481481481481
1 0.15052083333333333 0.5685185185185185 0.034375 0.11851851851851852
1 0.125 0.41944444444444445 0.027083333333333334 0.11481481481481481
1 0.7169270833333333 0.4027777777777778 0.034895833333333334 0.08148148148148149
1 0.65390625 0.3851851851851852 0.03697916666666667 0.09814814814814815
1 0.6895833333333333 0.3212962962962963 0.040625 0.08333333333333333
1 0.93984375 0.4648148148148148 0.03802083333333333 0.11481481481481481
1 0.38515625 0.3851851851851852 0.034895833333333334 0.11851851851851852
1 0.46041666666666664 0.43287037037037035 0.040625 0.11018518518518519
1 0.4786458333333333 0.4898148148148148 0.035416666666666666 0.1037037037037037
1 0.6127604166666667 0.26481481481481484 0.03177083333333333 0.08888888888888889
1 0.41328125 0.36157407407407405 0.034895833333333334 0.10833333333333334
1 0.0421875 0.3101851851851852 0.029166666666666667 0.10185185185185185
1 0.9330729166666667 0.3574074074074074 0.0296875 0.07962962962962963
1 0.6380208333333334 0.6416666666666667 0.015625 0.03333333333333333