1 0.49947916666666664 0.5185185185185185 0.9947916666666666 0.9537037037037037
1 0.3015625 0.500462962962963 0.017708333333333333 0.032407407407407406
1 0.509375 0.5819444444444445 0.046875 0.1398148148148148
1 0.37135416666666665 0.4777777777777778 0.036458333333333336 0.13703703703703704
1 0.29270833333333335 0.46435185185185185 0.034375 0.13240740740740742
1 0.42135416666666664 0.5833333333333334 0.035416666666666666 0.13518518518518519
1 0.6700520833333333 0.3333333333333333 0.03697916666666667 0.12037037037037036
1 0.8447916666666667 0.6587962962962963 0.029166666666666667 0.15462962962962962
1 0.5098958333333333 0.2814814814814815 0.04895833333333333 0.11481481481481481
1 0.93828125 0.812962962962963 0.050520833333333334 0.1537037037037037
1 0.7598958333333333 0.5106481481481482 0.03333333333333333 0.1527777777777778
1 0.11666666666666667 0.4912037037037037 0.03854166666666667 0.14907407407407408
1 0.5075520833333333 0.17592592592592593 0.03802083333333333 0.09444444444444444
1 0.6190104166666667 0.9263888888888889 0.043229166666666666 0.1398148148148148
1 0.6354166666666666 0.274537037037037 0.029166666666666667 0.12685185185185185
1 0.4296875 0.6240740740740741 0.01875 0.037037037037037035
1 0.8575520833333333 0.5722222222222222 0.0328125 0.14074074074074075
1 0.7408854166666666 0.4356481481481482 0.033854166666666664 0.13796296296296295
0 0.3015625 0.49907407407407406 0.009375 0.018518518518518517