1 0.37421875 0.6888888888888889 0.0578125 0.14074074074074075
1 0.4609375 0.7773148148148148 0.9177083333333333 0.43796296296296294
1 0.5932291666666667 0.8606481481481482 0.06458333333333334 0.16203703703703703
1 0.46432291666666664 0.5962962962962963 0.0328125 0.11666666666666667
1 0.6841145833333333 0.8106481481481481 0.044270833333333336 0.15462962962962962
1 0.3848958333333333 0.7194444444444444 0.029166666666666667 0.053703703703703705
1 0.38359375 0.6907407407407408 0.027604166666666666 0.03518518518518519
1 0.30885416666666665 0.6134259259259259 0.021875 0.04537037037037037
1 0.61640625 0.8180555555555555 0.019270833333333334 0.032407407407407406
1 0.8703125 0.711574074074074 0.03958333333333333 0.15092592592592594
1 0.503125 0.5893518518518519 0.035416666666666666 0.13425925925925927
1 0.20286458333333332 0.537962962962963 0.043229166666666666 0.13148148148148148
1 0.06302083333333333 0.5236111111111111 0.057291666666666664 0.11203703703703703
1 0.7088541666666667 0.9236111111111112 0.035416666666666666 0.14351851851851852
1 0.26119791666666664 0.549074074074074 0.034895833333333334 0.13148148148148148
1 0.396875 0.6101851851851852 0.03854166666666667 0.12037037037037036
1 0.7596354166666667 0.6425925925925926 0.0328125 0.13333333333333333
1 0.5716145833333334 0.7564814814814815 0.0484375 0.1574074074074074
1 0.3333333333333333 0.5634259259259259 0.042708333333333334 0.13796296296296295
1 0.8145833333333333 0.6949074074074074 0.042708333333333334 0.14166666666666666
1 0.56328125 0.5986111111111111 0.03177083333333333 0.12685185185185185