1 0.498828125 0.5006944444444444 0.99296875 0.8208333333333333
1 0.512109375 0.7979166666666667 0.04140625 0.12638888888888888
1 0.37265625 0.3729166666666667 0.0421875 0.09305555555555556
1 0.614453125 0.4625 0.04140625 0.08888888888888889
1 0.41875 0.5520833333333334 0.0390625 0.09027777777777778
1 0.633203125 0.5965277777777778 0.03359375 0.09861111111111111
1 0.56953125 0.2777777777777778 0.0296875 0.075
1 0.43203125 0.3972222222222222 0.0328125 0.08611111111111111
1 0.129296875 0.4361111111111111 0.03671875 0.09722222222222222
1 0.17734375 0.5638888888888889 0.040625 0.11388888888888889
1 0.366015625 0.5590277777777778 0.03046875 0.09861111111111111
1 0.550390625 0.5375 0.03984375 0.09722222222222222
1 0.119921875 0.4583333333333333 0.01796875 0.030555555555555555
1 0.53828125 0.5548611111111111 0.01875 0.03194444444444444
1 0.521875 0.7479166666666667 0.015625 0.029166666666666667
1 0.531640625 0.23680555555555555 0.02578125 0.0763888888888889
1 0.499609375 0.8284722222222223 0.01640625 0.0375