1 0.49947916666666664 0.6337962962962963 0.9947916666666666 0.7212962962962963
1 0.18619791666666666 0.4962962962962963 0.04635416666666667 0.1388888888888889
1 0.47421875 0.5125 0.034895833333333334 0.125
1 0.5385416666666667 0.44722222222222224 0.035416666666666666 0.12222222222222222
1 0.7109375 0.512962962962963 0.059375 0.11481481481481481
1 0.26536458333333335 0.38333333333333336 0.0296875 0.10555555555555556
1 0.74296875 0.5388888888888889 0.034895833333333334 0.12777777777777777
1 0.44505208333333335 0.4152777777777778 0.028645833333333332 0.10462962962962963
1 0.4088541666666667 0.46944444444444444 0.042708333333333334 0.12222222222222222
1 0.7424479166666667 0.43148148148148147 0.05364583333333333 0.10555555555555556
1 0.378125 0.44722222222222224 0.040625 0.11296296296296296
1 0.346875 0.41712962962962963 0.03333333333333333 0.12129629629629629
1 0.34921875 0.4305555555555556 0.016145833333333335 0.027777777777777776
1 0.7486979166666666 0.362962962962963 0.021354166666666667 0.037037037037037035
1 0.72734375 0.43657407407407406 0.019270833333333334 0.030555555555555555
1 0.7630208333333334 0.4689814814814815 0.015625 0.026851851851851852
0 0.7484375 0.3592592592592593 0.0125 0.018518518518518517