1 0.17578125 0.3587962962962963 0.015104166666666667 0.028703703703703703
1 0.49947916666666664 0.5050925925925925 0.99375 0.9787037037037037
1 0.5731770833333333 0.7027777777777777 0.04635416666666667 0.13148148148148148
1 0.38385416666666666 0.7444444444444445 0.059375 0.13518518518518519
1 0.5268229166666667 0.4300925925925926 0.04739583333333333 0.10277777777777777
1 0.3888020833333333 0.4449074074074074 0.04114583333333333 0.10277777777777777
1 0.528125 0.34953703703703703 0.03854166666666667 0.09166666666666666
1 0.834375 0.44074074074074077 0.042708333333333334 0.1037037037037037
1 0.31536458333333334 0.5208333333333334 0.0453125 0.1175925925925926
1 0.6330729166666667 0.25092592592592594 0.030729166666666665 0.09074074074074075
1 0.9716145833333333 0.5208333333333334 0.050520833333333334 0.12314814814814815
1 0.85703125 0.16296296296296298 0.0328125 0.08888888888888889
1 0.3736979166666667 0.5578703703703703 0.04114583333333333 0.11574074074074074
1 0.7559895833333333 0.1375 0.03802083333333333 0.075
1 0.8627604166666667 0.33935185185185185 0.0328125 0.10092592592592593
1 0.4010416666666667 0.4671296296296296 0.016666666666666666 0.025
1 0.17630208333333333 0.35833333333333334 0.03177083333333333 0.05555555555555555
0 0.17552083333333332 0.3574074074074074 0.009375 0.016666666666666666