1 0.30026041666666664 0.5699074074074074 0.5963541666666666 0.5953703703703703
1 0.025 0.4981481481481482 0.020833333333333332 0.05185185185185185
1 0.12265625 0.4986111111111111 0.018229166666666668 0.04722222222222222
1 0.31302083333333336 0.5981481481481481 0.019791666666666666 0.05740740740740741
1 0.10364583333333334 0.4597222222222222 0.01875 0.04722222222222222
1 0.11848958333333333 0.44814814814814813 0.019270833333333334 0.046296296296296294
1 0.17890625 0.7148148148148148 0.022395833333333334 0.05740740740740741
1 0.2015625 0.7046296296296296 0.021875 0.06111111111111111
1 0.06901041666666667 0.3851851851851852 0.0171875 0.044444444444444446
1 0.3299479166666667 0.3685185185185185 0.019270833333333334 0.053703703703703705
1 0.0234375 0.4976851851851852 0.034375 0.0712962962962963