1 0.44479166666666664 0.7444444444444445 0.023958333333333335 0.03333333333333333
1 0.49947916666666664 0.5912037037037037 0.9947916666666666 0.8064814814814815
1 0.2296875 0.5958333333333333 0.041666666666666664 0.08055555555555556
1 0.5236979166666667 0.7129629629629629 0.049479166666666664 0.1111111111111111
1 0.24140625 0.6180555555555556 0.018229166666666668 0.03611111111111111
1 0.9028645833333333 0.65 0.03697916666666667 0.12407407407407407
1 0.3341145833333333 0.5092592592592593 0.04010416666666667 0.09444444444444444
1 0.5231770833333333 0.6069444444444444 0.0421875 0.10462962962962963
1 0.36666666666666664 0.4981481481481482 0.030208333333333334 0.08888888888888889
1 0.4549479166666667 0.4356481481481482 0.030729166666666665 0.09166666666666666
1 0.7143229166666667 0.34953703703703703 0.022395833333333334 0.0787037037037037
1 0.72265625 0.6287037037037037 0.0328125 0.11481481481481481
1 0.4002604166666667 0.3060185185185185 0.024479166666666666 0.075
1 0.87890625 0.4685185185185185 0.025520833333333333 0.08518518518518518
1 0.7234375 0.4925925925925926 0.03125 0.09444444444444444
1 0.8440104166666667 0.44814814814814813 0.0265625 0.09814814814814815
1 0.9315104166666667 0.3597222222222222 0.027604166666666666 0.07685185185185185
1 0.596875 0.36898148148148147 0.022916666666666665 0.08425925925925926
1 0.6651041666666667 0.35462962962962963 0.023958333333333335 0.07592592592592592
1 0.56875 0.3726851851851852 0.026041666666666668 0.08611111111111111
1 0.4453125 0.7444444444444445 0.03229166666666667 0.04814814814814815
0 0.44479166666666664 0.7425925925925926 0.015625 0.018518518518518517