1 0.49947916666666664 0.5523148148148148 0.99375 0.8842592592592593
1 0.51015625 0.2513888888888889 0.0171875 0.028703703703703703
1 0.43385416666666665 0.4217592592592593 0.04479166666666667 0.10648148148148148
1 0.20833333333333334 0.5125 0.034375 0.125
1 0.8528645833333334 0.7152777777777778 0.0515625 0.15648148148148147
1 0.18541666666666667 0.6638888888888889 0.04895833333333333 0.15185185185185185
1 0.7447916666666666 0.5064814814814815 0.03229166666666667 0.12962962962962962
1 0.6838541666666667 0.40370370370370373 0.046875 0.12037037037037036
1 0.27630208333333334 0.44537037037037036 0.03802083333333333 0.11666666666666667
1 0.5203125 0.462037037037037 0.034375 0.13148148148148148
1 0.6177083333333333 0.3050925925925926 0.04375 0.10277777777777777
1 0.34036458333333336 0.41944444444444445 0.0453125 0.14444444444444443
1 0.5809895833333333 0.3199074074074074 0.03697916666666667 0.09537037037037037
1 0.82109375 0.4199074074074074 0.0421875 0.11944444444444445
1 0.06848958333333334 0.337037037037037 0.0359375 0.09444444444444444
1 0.47239583333333335 0.4023148148148148 0.04479166666666667 0.11574074074074074
1 0.7401041666666667 0.38657407407407407 0.03229166666666667 0.1175925925925926
1 0.5104166666666666 0.25092592592592594 0.029166666666666667 0.05
0 0.5096354166666667 0.25 0.009895833333333333 0.014814814814814815