1 0.49947916666666664 0.7185185185185186 0.9958333333333333 0.5537037037037037
1 0.7549479166666667 0.6462962962962963 0.0203125 0.03148148148148148
1 0.3932291666666667 0.6921296296296297 0.034375 0.11203703703703703
1 0.7518229166666667 0.6074074074074074 0.0265625 0.1111111111111111
1 0.5005208333333333 0.6282407407407408 0.030208333333333334 0.10092592592592593
1 0.6015625 0.675 0.03125 0.11851851851851852
1 0.6065104166666667 0.5731481481481482 0.0390625 0.09074074074074075
1 0.8088541666666667 0.687037037037037 0.03229166666666667 0.12407407407407407
1 0.8955729166666667 0.9157407407407407 0.04010416666666667 0.1425925925925926
1 0.45416666666666666 0.6356481481481482 0.05 0.05648148148148148
1 0.553125 0.5736111111111111 0.03229166666666667 0.09907407407407408
1 0.5859375 0.638425925925926 0.03125 0.1175925925925926
1 0.37864583333333335 0.6305555555555555 0.041666666666666664 0.08703703703703704