1 0.6518229166666667 0.3814814814814815 0.0171875 0.02962962962962963
1 0.49921875 0.5157407407407407 0.9932291666666667 0.9555555555555556
1 0.4552083333333333 0.46064814814814814 0.05625 0.13240740740740742
1 0.7033854166666667 0.3814814814814815 0.0453125 0.10740740740740741
1 0.06588541666666667 0.5060185185185185 0.049479166666666664 0.13240740740740742
1 0.24010416666666667 0.3990740740740741 0.06145833333333333 0.15555555555555556
1 0.32708333333333334 0.41712962962962963 0.046875 0.11574074074074074
1 0.12447916666666667 0.3384259259259259 0.058333333333333334 0.11388888888888889
1 0.32109375 0.21435185185185185 0.049479166666666664 0.11203703703703703
1 0.20807291666666666 0.2574074074074074 0.0546875 0.1259259259259259
1 0.6885416666666667 0.30277777777777776 0.041666666666666664 0.10925925925925926
1 0.6518229166666667 0.38101851851851853 0.0296875 0.05092592592592592
0 0.6513020833333333 0.37962962962962965 0.009895833333333333 0.016666666666666666