1 0.49921875 0.638425925925926 0.9942708333333333 0.712037037037037
1 0.52109375 0.41712962962962963 0.015104166666666667 0.026851851851851852
1 0.47552083333333334 0.6550925925925926 0.03333333333333333 0.1361111111111111
1 0.43307291666666664 0.44027777777777777 0.0296875 0.075
1 0.2 0.4875 0.03854166666666667 0.09537037037037037
1 0.6833333333333333 0.7212962962962963 0.034375 0.14444444444444443
1 0.5536458333333333 0.49398148148148147 0.03125 0.10277777777777777
1 0.6401041666666667 0.5175925925925926 0.026041666666666668 0.10555555555555556
1 0.58203125 0.45185185185185184 0.030729166666666665 0.09259259259259259
1 0.37942708333333336 0.4361111111111111 0.0265625 0.08518518518518518
1 0.53515625 0.44814814814814813 0.030729166666666665 0.08148148148148149
1 0.10963541666666667 0.38425925925925924 0.0359375 0.08518518518518518
1 0.6994791666666667 0.5694444444444444 0.03229166666666667 0.12037037037037036
1 0.5317708333333333 0.3726851851851852 0.027083333333333334 0.06944444444444445
1 0.24869791666666666 0.4777777777777778 0.03177083333333333 0.08518518518518518
1 0.2786458333333333 0.4476851851851852 0.036458333333333336 0.08611111111111111
1 0.30494791666666665 0.47962962962962963 0.028645833333333332 0.09444444444444444
1 0.5796875 0.36342592592592593 0.021875 0.08055555555555556
0 0.5205729166666667 0.4152777777777778 0.0078125 0.013888888888888888