1 0.49895833333333334 0.5652777777777778 0.99375 0.8583333333333333
1 0.58828125 0.38101851851851853 0.016145833333333335 0.028703703703703703
1 0.14322916666666666 0.7064814814814815 0.065625 0.13703703703703704
1 0.28489583333333335 0.5481481481481482 0.03958333333333333 0.1037037037037037
1 0.41796875 0.4351851851851852 0.049479166666666664 0.10185185185185185
1 0.5778645833333333 0.4671296296296296 0.034895833333333334 0.10462962962962963
1 0.18307291666666667 0.31203703703703706 0.04010416666666667 0.09259259259259259
1 0.08854166666666667 0.35509259259259257 0.03854166666666667 0.10277777777777777
1 0.14765625 0.40694444444444444 0.034895833333333334 0.08796296296296297
1 0.5059895833333333 0.3425925925925926 0.0296875 0.09074074074074075
1 0.121875 0.33194444444444443 0.03229166666666667 0.08611111111111111
1 0.5393229166666667 0.3541666666666667 0.034895833333333334 0.08611111111111111
1 0.3109375 0.45092592592592595 0.03958333333333333 0.11296296296296296
1 0.26875 0.4449074074074074 0.041666666666666664 0.11203703703703703
0 0.5880208333333333 0.3787037037037037 0.008333333333333333 0.014814814814814815