1 0.49947916666666664 0.6018518518518519 0.9947916666666666 0.7851851851851852
1 0.20598958333333334 0.6111111111111112 0.016145833333333335 0.027777777777777776
1 0.5299479166666666 0.763425925925926 0.03802083333333333 0.13240740740740742
1 0.19973958333333333 0.5740740740740741 0.043229166666666666 0.0962962962962963
1 0.78359375 0.711574074074074 0.044270833333333336 0.125
1 0.240625 0.4060185185185185 0.015625 0.030555555555555555
1 0.39166666666666666 0.4777777777777778 0.029166666666666667 0.09814814814814815
1 0.7518229166666667 0.5351851851851852 0.034895833333333334 0.10185185185185185
1 0.4822916666666667 0.5587962962962963 0.036458333333333336 0.10092592592592593
1 0.18098958333333334 0.9675925925925926 0.0265625 0.04259259259259259
1 0.396875 0.49074074074074076 0.016666666666666666 0.037037037037037035
1 0.9127604166666666 0.3824074074074074 0.024479166666666666 0.08333333333333333
1 0.6885416666666667 0.38935185185185184 0.023958333333333335 0.08425925925925926
1 0.625 0.31666666666666665 0.028125 0.07407407407407407
1 0.83828125 0.3814814814814815 0.027604166666666666 0.07777777777777778
1 0.7583333333333333 0.3537037037037037 0.026041666666666668 0.08333333333333333
1 0.20625 0.611574074074074 0.025 0.03796296296296296
0 0.20598958333333334 0.6087962962962963 0.0078125 0.013888888888888888