1 0.49947916666666664 0.6601851851851852 0.9947916666666666 0.6685185185185185
1 0.234375 0.7046296296296296 0.041666666666666664 0.17222222222222222
1 0.2265625 0.7722222222222223 0.020833333333333332 0.037037037037037035
1 0.7138020833333333 0.8837962962962963 0.058854166666666666 0.2101851851851852
1 0.7940104166666667 0.5689814814814815 0.04010416666666667 0.15462962962962962
1 0.9036458333333334 0.5675925925925925 0.036458333333333336 0.1537037037037037
1 0.9510416666666667 0.4986111111111111 0.015625 0.032407407407407406
1 0.6864583333333333 0.45555555555555555 0.040625 0.13333333333333333
1 0.94140625 0.45787037037037037 0.033854166666666664 0.1287037037037037
1 0.36484375 0.4810185185185185 0.03697916666666667 0.13240740740740742
1 0.30364583333333334 0.5231481481481481 0.03229166666666667 0.13518518518518519
1 0.05182291666666667 0.5689814814814815 0.0328125 0.032407407407407406
1 0.5489583333333333 0.47962962962962963 0.08125 0.08333333333333333