1 0.49947916666666664 0.587037037037037 0.9947916666666666 0.8148148148148148
1 0.5528645833333333 0.48703703703703705 0.050520833333333334 0.1259259259259259
1 0.5661458333333333 0.3592592592592593 0.015625 0.027777777777777776
1 0.85234375 0.6231481481481481 0.04739583333333333 0.14629629629629629
1 0.43307291666666664 0.4134259259259259 0.050520833333333334 0.10462962962962963
1 0.6510416666666666 0.4981481481481482 0.036458333333333336 0.12407407407407407
1 0.06197916666666667 0.29074074074074074 0.040625 0.1
1 0.13671875 0.4074074074074074 0.0390625 0.10740740740740741
1 0.5533854166666666 0.3236111111111111 0.0328125 0.10833333333333334
1 0.6403645833333333 0.5472222222222223 0.018229166666666668 0.02962962962962963
1 0.42526041666666664 0.3347222222222222 0.0484375 0.10462962962962963
1 0.41510416666666666 0.4356481481481482 0.015625 0.030555555555555555
1 0.17630208333333333 0.2949074074074074 0.028645833333333332 0.09907407407407408
1 0.47265625 0.33611111111111114 0.04010416666666667 0.1111111111111111
1 0.5736979166666667 0.33287037037037037 0.0296875 0.10092592592592593
1 0.45807291666666666 0.33611111111111114 0.016145833333333335 0.027777777777777776
0 0.5653645833333333 0.35694444444444445 0.0078125 0.013888888888888888