1 0.5833333333333334 0.5847222222222223 0.017708333333333333 0.030555555555555555
1 0.49921875 0.6300925925925925 0.9942708333333333 0.7287037037037037
1 0.5533854166666666 0.5402777777777777 0.06510416666666667 0.07685185185185185
1 0.3390625 0.5472222222222223 0.053125 0.1425925925925926
1 0.15963541666666667 0.5935185185185186 0.03697916666666667 0.1425925925925926
1 0.4348958333333333 0.49583333333333335 0.0375 0.11203703703703703
1 0.603125 0.5365740740740741 0.046875 0.125
1 0.02578125 0.5032407407407408 0.0421875 0.1287037037037037
1 0.49713541666666666 0.3939814814814815 0.033854166666666664 0.11388888888888889
1 0.15078125 0.4685185185185185 0.03177083333333333 0.11296296296296296
1 0.11953125 0.38981481481481484 0.0328125 0.11296296296296296
0 0.5833333333333334 0.5824074074074074 0.009375 0.016666666666666666