1 0.49973958333333335 0.7412037037037037 0.9953125 0.5083333333333333
1 0.54609375 0.7833333333333333 0.03177083333333333 0.12037037037037036
1 0.6559895833333333 0.700925925925926 0.0328125 0.08703703703703704
1 0.7627604166666667 0.6152777777777778 0.028645833333333332 0.10277777777777777
1 0.2234375 0.6814814814814815 0.036458333333333336 0.1037037037037037
1 0.89765625 0.7703703703703704 0.025520833333333333 0.12777777777777777
1 0.9169270833333333 0.7708333333333334 0.025520833333333333 0.12129629629629629
1 0.8651041666666667 0.7337962962962963 0.030208333333333334 0.10648148148148148
1 0.9 0.5180555555555556 0.035416666666666666 0.06574074074074074
1 0.50390625 0.7486111111111111 0.025520833333333333 0.1175925925925926
1 0.6268229166666667 0.5921296296296297 0.022395833333333334 0.032407407407407406
1 0.515625 0.7444444444444445 0.04791666666666667 0.1259259259259259
1 0.09114583333333333 0.7240740740740741 0.025 0.03888888888888889
1 0.6028645833333334 0.725462962962963 0.03697916666666667 0.11203703703703703
1 0.5361979166666667 0.7245370370370371 0.027604166666666666 0.11388888888888889
1 0.20546875 0.6462962962962963 0.19114583333333332 0.20925925925925926
0 0.8955729166666667 0.500462962962963 0.013020833333333334 0.019444444444444445