1 0.49921875 0.6166666666666667 0.9942708333333333 0.7555555555555555
1 0.1875 0.8527777777777777 0.05625 0.1388888888888889
1 0.2903645833333333 0.5662037037037037 0.044270833333333336 0.09907407407407408
1 0.24010416666666667 0.538425925925926 0.04583333333333333 0.10092592592592593
1 0.5635416666666667 0.45555555555555555 0.034375 0.08333333333333333
1 0.6380208333333334 0.48148148148148145 0.03333333333333333 0.09074074074074075
1 0.33307291666666666 0.43333333333333335 0.0296875 0.08703703703703704
1 0.640625 0.4152777777777778 0.035416666666666666 0.08425925925925926
1 0.6903645833333333 0.36712962962962964 0.0359375 0.06759259259259259
1 0.4192708333333333 0.39444444444444443 0.03125 0.08148148148148149
1 0.6486979166666667 0.4439814814814815 0.016145833333333335 0.023148148148148147
1 0.5044270833333333 0.2569444444444444 0.015104166666666667 0.025
1 0.015625 0.36574074074074076 0.026041666666666668 0.08518518518518518
1 0.20390625 0.8671296296296296 0.016145833333333335 0.032407407407407406
1 0.25234375 0.5342592592592592 0.015104166666666667 0.024074074074074074
1 0.46119791666666665 0.3509259259259259 0.027604166666666666 0.07592592592592592