1 0.6661458333333333 0.3921296296296296 0.017708333333333333 0.032407407407407406
1 0.49895833333333334 0.5166666666666667 0.99375 0.9555555555555556
1 0.5013020833333334 0.44814814814814813 0.058854166666666666 0.12962962962962962
1 0.75234375 0.3972222222222222 0.05260416666666667 0.12222222222222222
1 0.37786458333333334 0.412962962962963 0.05260416666666667 0.11666666666666667
1 0.1359375 0.49675925925925923 0.046875 0.13055555555555556
1 0.1875 0.34305555555555556 0.05 0.1175925925925926
1 0.27786458333333336 0.25787037037037036 0.04010416666666667 0.11944444444444445
1 0.73828125 0.3023148148148148 0.04010416666666667 0.10833333333333334
1 0.3770833333333333 0.2162037037037037 0.036458333333333336 0.10833333333333334
1 0.29010416666666666 0.3768518518518518 0.04375 0.11481481481481481
1 0.31588541666666664 0.4027777777777778 0.0421875 0.1388888888888889
1 0.6666666666666666 0.3925925925925926 0.03333333333333333 0.05740740740740741
0 0.6661458333333333 0.38981481481481484 0.009375 0.016666666666666666