1 0.49973958333333335 0.711574074074074 0.9953125 0.5675925925925925
1 0.8421875 0.5782407407407407 0.028125 0.09166666666666666
1 0.7072916666666667 0.6078703703703704 0.03125 0.08796296296296297
1 0.6830729166666667 0.5504629629629629 0.033854166666666664 0.09166666666666666
1 0.23151041666666666 0.5828703703703704 0.0296875 0.09166666666666666
1 0.7302083333333333 0.512962962962963 0.035416666666666666 0.08148148148148149
1 0.68984375 0.5375 0.016145833333333335 0.032407407407407406
1 0.7393229166666667 0.5347222222222222 0.018229166666666668 0.03425925925925926
1 0.715625 0.6194444444444445 0.016666666666666666 0.027777777777777776
0 0.0390625 0.4703703703703704 0.016666666666666666 0.02962962962962963
0 0.1265625 0.4444444444444444 0.01875 0.02962962962962963