1 0.49921875 0.5791666666666667 0.9942708333333333 0.8305555555555556
1 0.73046875 0.5976851851851852 0.050520833333333334 0.14537037037037037
1 0.6143229166666667 0.513425925925926 0.03802083333333333 0.14166666666666666
1 0.4864583333333333 0.5481481481481482 0.036458333333333336 0.13518518518518519
1 0.7747395833333334 0.5509259259259259 0.043229166666666666 0.1537037037037037
1 0.3307291666666667 0.5342592592592592 0.04375 0.14074074074074075
1 0.20729166666666668 0.4078703703703704 0.053125 0.12314814814814815
1 0.23567708333333334 0.537962962962963 0.0453125 0.13148148148148148
1 0.05130208333333333 0.425 0.0359375 0.13148148148148148
1 0.5109375 0.47453703703703703 0.030208333333333334 0.14166666666666666
1 0.3953125 0.4305555555555556 0.03229166666666667 0.13148148148148148
1 0.48541666666666666 0.4976851851851852 0.017708333333333333 0.03611111111111111
1 0.7828125 0.4935185185185185 0.029166666666666667 0.03148148148148148
1 0.3546875 0.3976851851851852 0.034375 0.1175925925925926
1 0.6151041666666667 0.525 0.017708333333333333 0.02962962962962963
1 0.3734375 0.47824074074074074 0.046875 0.05462962962962963