1 0.49921875 0.5560185185185185 0.9932291666666667 0.8768518518518519
1 0.42473958333333334 0.5467592592592593 0.04739583333333333 0.14722222222222223
1 0.71953125 0.44722222222222224 0.033854166666666664 0.11851851851851852
1 0.5622395833333333 0.35324074074074074 0.0359375 0.10462962962962963
1 0.47994791666666664 0.39490740740740743 0.043229166666666666 0.11944444444444445
1 0.35104166666666664 0.33287037037037037 0.036458333333333336 0.1175925925925926
1 0.22421875 0.33425925925925926 0.033854166666666664 0.11666666666666667
1 0.1828125 0.22592592592592592 0.04375 0.1
1 0.09661458333333334 0.3236111111111111 0.0390625 0.12129629629629629
1 0.5364583333333334 0.29814814814814816 0.035416666666666666 0.10555555555555556
1 0.42604166666666665 0.2986111111111111 0.03333333333333333 0.10462962962962963
1 0.14609375 0.26342592592592595 0.0296875 0.09907407407407408
1 0.7247395833333333 0.37777777777777777 0.033854166666666664 0.07962962962962963
1 0.4359375 0.48703703703703705 0.015625 0.02962962962962963
1 0.753125 0.31712962962962965 0.027083333333333334 0.09351851851851851
1 0.055989583333333336 0.42083333333333334 0.0390625 0.15462962962962962