1 0.49947916666666664 0.7055555555555556 0.9958333333333333 0.5796296296296296
1 0.4125 0.8055555555555556 0.036458333333333336 0.12222222222222222
1 0.5606770833333333 0.7282407407407407 0.0296875 0.11203703703703703
1 0.48098958333333336 0.750462962962963 0.0484375 0.1175925925925926
1 0.50078125 0.5907407407407408 0.05572916666666667 0.1111111111111111
1 0.30494791666666665 0.9208333333333333 0.0359375 0.13425925925925927
1 0.6869791666666667 0.7768518518518519 0.0375 0.1111111111111111
1 0.6802083333333333 0.5953703703703703 0.03854166666666667 0.1
1 0.9296875 0.6467592592592593 0.028125 0.11203703703703703
1 0.8140625 0.6393518518518518 0.029166666666666667 0.10277777777777777
1 0.48203125 0.7907407407407407 0.021354166666666667 0.037037037037037035
1 0.7533854166666667 0.5587962962962963 0.03697916666666667 0.09722222222222222
1 0.43046875 0.9393518518518519 0.043229166666666666 0.11574074074074074
1 0.6161458333333333 0.6337962962962963 0.03125 0.13796296296296295