1 0.49947916666666664 0.5 0.9927083333333333 0.9888888888888889
1 0.26458333333333334 0.5342592592592592 0.017708333333333333 0.03148148148148148
1 0.8604166666666667 0.45231481481481484 0.046875 0.12129629629629629
1 0.5239583333333333 0.6231481481481481 0.04791666666666667 0.11481481481481481
1 0.43072916666666666 0.674537037037037 0.04375 0.125
1 0.33567708333333335 0.43796296296296294 0.04010416666666667 0.11481481481481481
1 0.44895833333333335 0.6773148148148148 0.01875 0.030555555555555555
1 0.1484375 0.5842592592592593 0.041666666666666664 0.12037037037037036
1 0.48151041666666666 0.41944444444444445 0.0484375 0.10925925925925926
1 0.3671875 0.35324074074074074 0.036458333333333336 0.11018518518518519
1 0.5411458333333333 0.6462962962962963 0.014583333333333334 0.03148148148148148
1 0.8765625 0.47685185185185186 0.014583333333333334 0.027777777777777776
1 0.409375 0.19027777777777777 0.03125 0.09722222222222222
1 0.6903645833333333 0.35694444444444445 0.033854166666666664 0.10092592592592593
1 0.65234375 0.11527777777777778 0.030729166666666665 0.08981481481481482
1 0.34661458333333334 0.4601851851851852 0.018229166666666668 0.027777777777777776
1 0.2643229166666667 0.5342592592592592 0.0265625 0.046296296296296294
1 0.6973958333333333 0.27546296296296297 0.028125 0.09166666666666666
1 0.29453125 0.5981481481481481 0.049479166666666664 0.1111111111111111
1 0.52109375 0.06944444444444445 0.025520833333333333 0.07592592592592592
0 0.2640625 0.5328703703703703 0.010416666666666666 0.019444444444444445