1 0.4197916666666667 0.5092592592592593 0.18020833333333333 0.6129629629629629
1 0.49973958333333335 0.7685185185185185 0.9953125 0.4537037037037037
1 0.6838541666666667 0.5638888888888889 0.125 0.337037037037037
1 0.49375 0.7865740740740741 0.03333333333333333 0.049074074074074076
1 0.7341145833333333 0.4759259259259259 0.08489583333333334 0.3851851851851852
1 0.4895833333333333 0.6726851851851852 0.019791666666666666 0.05648148148148148
1 0.64609375 0.513425925925926 0.1609375 0.43425925925925923
1 0.35208333333333336 0.7851851851851852 0.046875 0.06111111111111111
1 0.14088541666666668 0.6828703703703703 0.058854166666666666 0.14351851851851852
1 0.13203125 0.7268518518518519 0.04114583333333333 0.05555555555555555
1 0.026041666666666668 0.5425925925925926 0.04583333333333333 0.1