1 0.49947916666666664 0.5375 0.9947916666666666 0.9157407407407407
1 0.45729166666666665 0.6166666666666667 0.034375 0.14629629629629629
1 0.4596354166666667 0.6708333333333333 0.025520833333333333 0.03611111111111111
1 0.27239583333333334 0.42453703703703705 0.03854166666666667 0.10833333333333334
1 0.3450520833333333 0.42453703703703705 0.049479166666666664 0.09166666666666666
1 0.83671875 0.45185185185185184 0.034895833333333334 0.11481481481481481
1 0.7622395833333333 0.475 0.043229166666666666 0.1388888888888889
1 0.6893229166666667 0.4532407407407407 0.0328125 0.13796296296296295
1 0.5591145833333333 0.30972222222222223 0.034895833333333334 0.12685185185185185
1 0.3776041666666667 0.38564814814814813 0.04583333333333333 0.11203703703703703
1 0.43984375 0.36203703703703705 0.0453125 0.12037037037037036
1 0.8161458333333333 0.37407407407407406 0.0375 0.12222222222222222
1 0.6877604166666667 0.2865740740740741 0.034895833333333334 0.11203703703703703
1 0.7677083333333333 0.33935185185185185 0.03854166666666667 0.12685185185185185
0 0.45598958333333334 0.6689814814814815 0.011979166666666667 0.019444444444444445
0 0.46510416666666665 0.6671296296296296 0.008333333333333333 0.017592592592592594