1 0.49947916666666664 0.5648148148148148 0.99375 0.8574074074074074
1 0.45390625 0.912962962962963 0.059895833333333336 0.14814814814814814
1 0.5557291666666667 0.6393518518518518 0.036458333333333336 0.125
1 0.7666666666666667 0.4046296296296296 0.040625 0.09814814814814815
1 0.47239583333333335 0.2675925925925926 0.015625 0.025925925925925925
1 0.3190104166666667 0.4078703703703704 0.0328125 0.09907407407407408
1 0.44375 0.37175925925925923 0.015625 0.026851851851851852
1 0.3888020833333333 0.3523148148148148 0.0421875 0.08055555555555556
1 0.4752604166666667 0.9532407407407407 0.018229166666666668 0.03796296296296296
1 0.4309895833333333 0.33935185185185185 0.0390625 0.09166666666666666
1 0.7796875 0.42916666666666664 0.015625 0.028703703703703703
1 0.33619791666666665 0.5314814814814814 0.04635416666666667 0.10740740740740741
1 0.93203125 0.8796296296296297 0.03697916666666667 0.1537037037037037
1 0.7533854166666667 0.5449074074074074 0.03802083333333333 0.1175925925925926
1 0.79453125 0.22407407407407406 0.028645833333333332 0.08148148148148149
1 0.6072916666666667 0.30185185185185187 0.027083333333333334 0.08888888888888889
1 0.57109375 0.2462962962962963 0.0328125 0.08518518518518518
1 0.9653645833333333 0.3731481481481482 0.030729166666666665 0.1037037037037037
1 0.7036458333333333 0.3541666666666667 0.040625 0.08611111111111111
1 0.32734375 0.4444444444444444 0.016145833333333335 0.025925925925925925
1 0.30572916666666666 0.5199074074074074 0.0375 0.09351851851851851
1 0.6859375 0.4263888888888889 0.03125 0.09722222222222222
1 0.47239583333333335 0.26805555555555555 0.022916666666666665 0.03981481481481482
1 0.6067708333333334 0.42962962962962964 0.035416666666666666 0.10185185185185185
0 0.53671875 0.15694444444444444 0.0203125 0.03425925925925926
0 0.3015625 0.1412037037037037 0.019791666666666666 0.03425925925925926
0 0.50859375 0.15462962962962962 0.0203125 0.03518518518518519
0 0.275 0.13796296296296295 0.019791666666666666 0.03333333333333333