1 0.49921875 0.575925925925926 0.9942708333333333 0.837037037037037
1 0.55078125 0.3074074074074074 0.0171875 0.03148148148148148
1 0.24817708333333333 0.4634259259259259 0.04010416666666667 0.12129629629629629
1 0.42994791666666665 0.3347222222222222 0.04114583333333333 0.09907407407407408
1 0.6098958333333333 0.5009259259259259 0.040625 0.12777777777777777
1 0.3567708333333333 0.3560185185185185 0.040625 0.11574074074074074
1 0.14088541666666668 0.32083333333333336 0.028645833333333332 0.09907407407407408
1 0.4466145833333333 0.22870370370370371 0.0171875 0.03333333333333333
1 0.18932291666666667 0.375 0.0296875 0.10740740740740741
1 0.7453125 0.3337962962962963 0.04375 0.10648148148148148
1 0.5877604166666667 0.4203703703703704 0.0453125 0.11296296296296296
1 0.18671875 0.2726851851851852 0.0265625 0.09722222222222222
1 0.9510416666666667 0.40555555555555556 0.019791666666666666 0.02962962962962963
1 0.5140625 0.3347222222222222 0.035416666666666666 0.09907407407407408
1 0.9432291666666667 0.3768518518518518 0.030208333333333334 0.05555555555555555
1 0.2109375 0.21944444444444444 0.028125 0.09074074074074075
1 0.8888020833333333 0.36435185185185187 0.044270833333333336 0.08055555555555556
0 0.5502604166666667 0.3050925925925926 0.008854166666666666 0.01574074074074074