1 0.8450520833333334 0.7768518518518519 0.0171875 0.02962962962962963
1 0.49973958333333335 0.7421296296296296 0.9953125 0.5083333333333333
1 0.53359375 0.7787037037037037 0.03697916666666667 0.12037037037037036
1 0.7354166666666667 0.6162037037037037 0.028125 0.10462962962962963
1 0.19270833333333334 0.6782407407407407 0.030208333333333334 0.11388888888888889
1 0.4921875 0.7481481481481481 0.025 0.11666666666666667
1 0.6122395833333333 0.7157407407407408 0.03177083333333333 0.09814814814814815
1 0.8684895833333334 0.7699074074074074 0.025520833333333333 0.12314814814814815
1 0.6182291666666667 0.6546296296296297 0.023958333333333335 0.1037037037037037
1 0.88671875 0.7694444444444445 0.025520833333333333 0.12037037037037036
1 0.5927083333333333 0.7166666666666667 0.029166666666666667 0.11296296296296296
1 0.17890625 0.6476851851851851 0.19010416666666666 0.2101851851851852
1 0.8778645833333333 0.5157407407407407 0.027604166666666666 0.06851851851851852
1 0.8682291666666667 0.7578703703703704 0.06354166666666666 0.1527777777777778
0 0.8453125 0.774074074074074 0.008333333333333333 0.014814814814814815
0 0.8770833333333333 0.49907407407407406 0.0125 0.018518518518518517