1 0.49947916666666664 0.5356481481481481 0.99375 0.9175925925925926
1 0.38567708333333334 0.42916666666666664 0.015104166666666667 0.028703703703703703
1 0.5885416666666666 0.6263888888888889 0.04895833333333333 0.1361111111111111
1 0.32421875 0.6259259259259259 0.034895833333333334 0.12222222222222222
1 0.5372395833333333 0.513425925925926 0.027604166666666666 0.1175925925925926
1 0.4635416666666667 0.5962962962962963 0.029166666666666667 0.12962962962962962
1 0.7627604166666667 0.6736111111111112 0.044270833333333336 0.1361111111111111
1 0.36328125 0.40324074074074073 0.0265625 0.10462962962962963
1 0.30364583333333334 0.4398148148148148 0.028125 0.10740740740740741
1 0.59375 0.23935185185185184 0.03229166666666667 0.0712962962962963
1 0.7458333333333333 0.2662037037037037 0.029166666666666667 0.08611111111111111
1 0.44973958333333336 0.21805555555555556 0.024479166666666666 0.07685185185185185
1 0.8299479166666667 0.43287037037037035 0.025520833333333333 0.09537037037037037
1 0.8575520833333333 0.6287037037037037 0.04010416666666667 0.11666666666666667
1 0.7372395833333333 0.5513888888888889 0.04739583333333333 0.06574074074074074
1 0.85546875 0.4101851851851852 0.0359375 0.09814814814814815
1 0.75703125 0.5180555555555556 0.034895833333333334 0.10648148148148148
0 0.3854166666666667 0.4273148148148148 0.007291666666666667 0.013888888888888888