1 0.49973958333333335 0.6736111111111112 0.9942708333333333 0.6435185185185185
1 0.2796875 0.5314814814814814 0.058333333333333334 0.15
1 0.47708333333333336 0.31805555555555554 0.017708333333333333 0.03425925925925926
1 0.13489583333333333 0.4583333333333333 0.03958333333333333 0.13148148148148148
1 0.84765625 0.4634259259259259 0.033854166666666664 0.14351851851851852
1 0.5364583333333334 0.35462962962962963 0.021875 0.03888888888888889
1 0.45755208333333336 0.48055555555555557 0.0390625 0.11666666666666667
1 0.5966145833333333 0.4425925925925926 0.05260416666666667 0.1111111111111111
1 0.5049479166666667 0.49074074074074076 0.049479166666666664 0.14444444444444443
1 0.34375 0.38981481481481484 0.029166666666666667 0.1037037037037037
1 0.2546875 0.41574074074074074 0.03333333333333333 0.11666666666666667
1 0.44583333333333336 0.49722222222222223 0.016666666666666666 0.02962962962962963
1 0.540625 0.45740740740740743 0.036458333333333336 0.12777777777777777
1 0.2942708333333333 0.5194444444444445 0.01875 0.03518518518518519
1 0.578125 0.3509259259259259 0.027083333333333334 0.1037037037037037
1 0.41067708333333336 0.4300925925925926 0.0359375 0.11388888888888889
1 0.8067708333333333 0.3587962962962963 0.028125 0.04537037037037037
0 0.47682291666666665 0.31574074074074077 0.009895833333333333 0.018518518518518517
0 0.38984375 0.3527777777777778 0.013020833333333334 0.025925925925925925
0 0.5356770833333333 0.35324074074074074 0.013020833333333334 0.025