1 0.49947916666666664 0.5587962962962963 0.9947916666666666 0.8712962962962963
1 0.5505208333333333 0.6736111111111112 0.03333333333333333 0.13796296296296295
1 0.55625 0.4 0.03333333333333333 0.10555555555555556
1 0.52734375 0.5675925925925925 0.0265625 0.13333333333333333
1 0.46901041666666665 0.4050925925925926 0.027604166666666666 0.12314814814814815
1 0.8875 0.47129629629629627 0.03229166666666667 0.12222222222222222
1 0.27395833333333336 0.3837962962962963 0.04791666666666667 0.11388888888888889
1 0.29791666666666666 0.3685185185185185 0.017708333333333333 0.037037037037037035
1 0.384375 0.4111111111111111 0.029166666666666667 0.12222222222222222
1 0.9130208333333333 0.46620370370370373 0.036458333333333336 0.12314814814814815
1 0.5455729166666666 0.41388888888888886 0.018229166666666668 0.02962962962962963
1 0.49947916666666664 0.4009259259259259 0.030208333333333334 0.1111111111111111
1 0.36692708333333335 0.39166666666666666 0.028645833333333332 0.11666666666666667
1 0.5322916666666667 0.3541666666666667 0.03333333333333333 0.11018518518518519