1 0.49947916666666664 0.5592592592592592 0.9927083333333333 0.8685185185185185
1 0.7302083333333333 0.8013888888888889 0.022916666666666665 0.04351851851851852
1 0.15442708333333333 0.6976851851851852 0.07239583333333334 0.20277777777777778
1 0.09635416666666667 0.6898148148148148 0.18958333333333333 0.2222222222222222
1 0.2526041666666667 0.40046296296296297 0.49583333333333335 0.7898148148148149
1 0.9684895833333333 0.15 0.058854166666666666 0.2962962962962963
1 0.7486979166666666 0.7027777777777777 0.0203125 0.03333333333333333
1 0.44869791666666664 0.6222222222222222 0.10572916666666667 0.07962962962962963
1 0.596875 0.7476851851851852 0.025 0.04351851851851852
1 0.09661458333333334 0.40370370370370373 0.1890625 0.7962962962962963
1 0.34713541666666664 0.28055555555555556 0.2046875 0.5555555555555556
0 0.8841145833333334 0.07222222222222222 0.025520833333333333 0.053703703703703705