1 0.6380208333333334 0.4601851851851852 0.01875 0.03333333333333333
1 0.49921875 0.6546296296296297 0.9953125 0.6814814814814815
1 0.5518229166666667 0.7569444444444444 0.07552083333333333 0.12314814814814815
1 0.7260416666666667 0.6953703703703704 0.059375 0.17777777777777778
1 0.4510416666666667 0.7379629629629629 0.053125 0.17962962962962964
1 0.31875 0.6564814814814814 0.04479166666666667 0.18703703703703703
1 0.6973958333333333 0.5412037037037037 0.041666666666666664 0.16018518518518518
1 0.4609375 0.5212962962962963 0.053125 0.16666666666666666
1 0.4953125 0.7064814814814815 0.04375 0.16666666666666666
1 0.7026041666666667 0.9226851851851852 0.04791666666666667 0.14722222222222223
1 0.43515625 0.5555555555555556 0.04114583333333333 0.16111111111111112
1 0.5768229166666666 0.725925925925926 0.0484375 0.1537037037037037
1 0.5716145833333334 0.5782407407407407 0.0515625 0.16574074074074074
1 0.5921875 0.5763888888888888 0.035416666666666666 0.16203703703703703
1 0.2513020833333333 0.562962962962963 0.3015625 0.337037037037037
0 0.021354166666666667 0.41574074074074074 0.026041666666666668 0.053703703703703705
0 0.6380208333333334 0.45740740740740743 0.010416666666666666 0.018518518518518517