1 0.49921875 0.5513888888888889 0.9932291666666667 0.8861111111111111
1 0.31145833333333334 0.6069444444444444 0.03958333333333333 0.12685185185185185
1 0.6080729166666666 0.5291666666666667 0.04010416666666667 0.10833333333333334
1 0.27708333333333335 0.549074074074074 0.03333333333333333 0.11481481481481481
1 0.061197916666666664 0.3282407407407407 0.03177083333333333 0.10648148148148148
1 0.48333333333333334 0.39305555555555555 0.041666666666666664 0.09907407407407408
1 0.5604166666666667 0.40879629629629627 0.03333333333333333 0.09907407407407408
1 0.45026041666666666 0.5069444444444444 0.0359375 0.11574074074074074
1 0.7127604166666667 0.32407407407407407 0.04114583333333333 0.08703703703703704
1 0.203125 0.41712962962962963 0.034375 0.10648148148148148
1 0.3255208333333333 0.2763888888888889 0.036458333333333336 0.09537037037037037
1 0.24817708333333333 0.4550925925925926 0.03177083333333333 0.10462962962962963
1 0.8330729166666667 0.35648148148148145 0.016145833333333335 0.027777777777777776
1 0.54765625 0.5291666666666667 0.0453125 0.11944444444444445
1 0.37473958333333335 0.29212962962962963 0.03177083333333333 0.09907407407407408
1 0.2526041666666667 0.4666666666666667 0.016666666666666666 0.027777777777777776
1 0.3255208333333333 0.09722222222222222 0.015625 0.027777777777777776
1 0.4200520833333333 0.3939814814814815 0.0453125 0.14537037037037037
0 0.32473958333333336 0.09537037037037037 0.0067708333333333336 0.011111111111111112