1 0.49947916666666664 0.6648148148148149 0.9947916666666666 0.6611111111111111
1 0.40989583333333335 0.5791666666666667 0.040625 0.05277777777777778
1 0.38723958333333336 0.8495370370370371 0.05260416666666667 0.15833333333333333
1 0.59296875 0.7199074074074074 0.034895833333333334 0.14166666666666666
1 0.7171875 0.7685185185185185 0.03958333333333333 0.13518518518518519
1 0.8455729166666667 0.6606481481481481 0.03697916666666667 0.11388888888888889
1 0.7786458333333334 0.5513888888888889 0.036458333333333336 0.12129629629629629
1 0.7697916666666667 0.7175925925925926 0.042708333333333334 0.13703703703703704
1 0.42265625 0.5796296296296296 0.016145833333333335 0.03518518518518519
1 0.47578125 0.6458333333333334 0.0421875 0.11388888888888889
1 0.9140625 0.5013888888888889 0.042708333333333334 0.11203703703703703
1 0.965625 0.6907407407407408 0.040625 0.1388888888888889
1 0.9653645833333333 0.4708333333333333 0.03697916666666667 0.11574074074074074
1 0.6864583333333333 0.6731481481481482 0.036458333333333336 0.1425925925925926
0 0.42291666666666666 0.5768518518518518 0.007291666666666667 0.018518518518518517