1 0.49947916666666664 0.6773148148148148 0.9947916666666666 0.6361111111111111
1 0.19557291666666668 0.6949074074074074 0.028645833333333332 0.11574074074074074
1 0.596875 0.562962962962963 0.028125 0.1
1 0.3223958333333333 0.6185185185185185 0.028125 0.1
1 0.53359375 0.4861111111111111 0.0234375 0.08148148148148149
1 0.4546875 0.5041666666666667 0.03333333333333333 0.09351851851851851
1 0.8802083333333334 0.7060185185185185 0.034375 0.11018518518518519
1 0.8466145833333333 0.6101851851851852 0.028645833333333332 0.10185185185185185
1 0.95859375 0.7546296296296297 0.03177083333333333 0.12037037037037036
1 0.05026041666666667 0.8967592592592593 0.0359375 0.1398148148148148
1 0.7010416666666667 0.5537037037037037 0.03854166666666667 0.1
1 0.5083333333333333 0.43657407407407406 0.030208333333333334 0.0787037037037037
1 0.30546875 0.5907407407407408 0.027604166666666666 0.1037037037037037
1 0.8690104166666667 0.5773148148148148 0.024479166666666666 0.09722222222222222
1 0.70703125 0.5333333333333333 0.019270833333333334 0.03148148148148148
1 0.8416666666666667 0.4074074074074074 0.028125 0.07407407407407407
1 0.6606770833333333 0.5032407407407408 0.028645833333333332 0.09907407407407408