1 0.49947916666666664 0.5898148148148148 0.9947916666666666 0.8092592592592592
1 0.3653645833333333 0.49027777777777776 0.021354166666666667 0.03611111111111111
1 0.37552083333333336 0.5833333333333334 0.06458333333333334 0.16111111111111112
1 0.178125 0.5875 0.05520833333333333 0.17314814814814813
1 0.24921875 0.43194444444444446 0.05677083333333333 0.15648148148148147
1 0.23958333333333334 0.7472222222222222 0.06145833333333333 0.22777777777777777
1 0.10703125 0.5435185185185185 0.05364583333333333 0.18703703703703703
1 0.2994791666666667 0.5842592592592593 0.04583333333333333 0.17222222222222222
1 0.16041666666666668 0.6388888888888888 0.019791666666666666 0.044444444444444446
1 0.019270833333333334 0.5120370370370371 0.036458333333333336 0.11666666666666667
1 0.7494791666666667 0.3597222222222222 0.040625 0.1527777777777778
1 0.2877604166666667 0.5476851851851852 0.049479166666666664 0.18981481481481483
0 0.3653645833333333 0.48842592592592593 0.013020833333333334 0.023148148148148147