1 0.4895833333333333 0.6685185185185185 0.017708333333333333 0.03148148148148148
1 0.49921875 0.6814814814814815 0.9942708333333333 0.6277777777777778
1 0.48411458333333335 0.7662037037037037 0.034895833333333334 0.1398148148148148
1 0.19739583333333333 0.675 0.03229166666666667 0.13518518518518519
1 0.33645833333333336 0.7518518518518519 0.035416666666666666 0.14444444444444443
1 0.2234375 0.5416666666666666 0.027083333333333334 0.1111111111111111
1 0.43411458333333336 0.737037037037037 0.0359375 0.12222222222222222
1 0.97734375 0.6300925925925925 0.019270833333333334 0.03611111111111111
1 0.8044270833333333 0.5666666666666667 0.030729166666666665 0.12777777777777777
1 0.4588541666666667 0.7402777777777778 0.0375 0.14537037037037037
1 0.15208333333333332 0.6356481481481482 0.03333333333333333 0.1712962962962963
1 0.10572916666666667 0.6296296296296297 0.03229166666666667 0.14814814814814814
1 0.17239583333333333 0.674537037037037 0.035416666666666666 0.13240740740740742
1 0.83203125 0.5481481481481482 0.2109375 0.22962962962962963
1 0.43671875 0.6564814814814814 0.028645833333333332 0.12037037037037036
0 0.4895833333333333 0.6662037037037037 0.009375 0.017592592592592594