1 0.7213541666666666 0.6097222222222223 0.017708333333333333 0.032407407407407406
1 0.49947916666666664 0.5152777777777777 0.99375 0.9601851851851851
1 0.528125 0.6 0.05625 0.12037037037037036
1 0.7489583333333333 0.649074074074074 0.059375 0.12962962962962962
1 0.6747395833333333 0.38564814814814813 0.044270833333333336 0.10462962962962963
1 0.21588541666666666 0.29583333333333334 0.03697916666666667 0.10648148148148148
1 0.6309895833333333 0.34305555555555556 0.0421875 0.10648148148148148
1 0.41432291666666665 0.27546296296296297 0.030729166666666665 0.11388888888888889
1 0.3546875 0.2449074074074074 0.035416666666666666 0.11203703703703703
1 0.7213541666666666 0.6092592592592593 0.026041666666666668 0.046296296296296294
1 0.0234375 0.3509259259259259 0.04479166666666667 0.08148148148148149
1 0.12109375 0.30972222222222223 0.0328125 0.11944444444444445
1 0.8536458333333333 0.17314814814814813 0.03333333333333333 0.10925925925925926
0 0.72109375 0.6083333333333333 0.0109375 0.018518518518518517
0 0.4036458333333333 0.06759259259259259 0.022916666666666665 0.044444444444444446