1 0.499609375 0.6388888888888888 0.99453125 0.5388888888888889
1 0.44296875 0.5972222222222222 0.146875 0.6194444444444445
1 0.698046875 0.7340277777777777 0.02734375 0.04861111111111111
1 0.766796875 0.42430555555555555 0.06640625 0.26805555555555555
1 0.825390625 0.4222222222222222 0.06796875 0.25555555555555554
1 0.704296875 0.40347222222222223 0.04453125 0.1597222222222222
1 0.249609375 0.4618055555555556 0.04140625 0.14027777777777778
1 0.551171875 0.5388888888888889 0.34921875 0.7333333333333333
1 0.691015625 0.42916666666666664 0.01953125 0.03333333333333333
1 0.8078125 0.5111111111111111 0.01875 0.04722222222222222
1 0.487890625 0.8333333333333334 0.04296875 0.06388888888888888
1 0.2828125 0.44930555555555557 0.028125 0.09305555555555556
1 0.31875 0.43194444444444446 0.0296875 0.09166666666666666
0 0.420703125 0.5277777777777778 0.04921875 0.06388888888888888