1 0.49921875 0.6006944444444444 0.9953125 0.6180555555555556
1 0.240625 0.5027777777777778 0.0375 0.10277777777777777
1 0.373828125 0.39166666666666666 0.01484375 0.025
1 0.837109375 0.4486111111111111 0.04140625 0.09722222222222222
1 0.38046875 0.42777777777777776 0.0296875 0.08333333333333333
1 0.1734375 0.4201388888888889 0.025 0.08472222222222223
1 0.154296875 0.4111111111111111 0.03203125 0.075
1 0.323046875 0.41388888888888886 0.03203125 0.08333333333333333
1 0.398828125 0.39652777777777776 0.02265625 0.07083333333333333
1 0.80078125 0.5006944444444444 0.01875 0.02638888888888889
1 0.40078125 0.3402777777777778 0.034375 0.06388888888888888
1 0.250390625 0.3368055555555556 0.02890625 0.0625
0 0.3734375 0.3888888888888889 0.00625 0.011111111111111112