1 0.49921875 0.5027777777777778 0.9932291666666667 0.9851851851851852
1 0.5609375 0.6435185185185185 0.04791666666666667 0.14074074074074075
1 0.625 0.7592592592592593 0.034375 0.15185185185185185
1 0.57890625 0.47638888888888886 0.0203125 0.026851851851851852
1 0.5903645833333333 0.49074074074074076 0.04010416666666667 0.12777777777777777
1 0.34765625 0.5476851851851852 0.04739583333333333 0.13425925925925927
1 0.13880208333333333 0.6666666666666666 0.0390625 0.15925925925925927
1 0.39453125 0.45185185185185184 0.044270833333333336 0.12407407407407407
1 0.17161458333333332 0.26666666666666666 0.0359375 0.11481481481481481
1 0.8515625 0.3787037037037037 0.03333333333333333 0.1259259259259259
1 0.27109375 0.5277777777777778 0.03802083333333333 0.11481481481481481
1 0.3072916666666667 0.4935185185185185 0.046875 0.1259259259259259
1 0.3104166666666667 0.39537037037037037 0.04895833333333333 0.09444444444444444
1 0.3098958333333333 0.3282407407407407 0.036458333333333336 0.10277777777777777
1 0.85078125 0.38796296296296295 0.021354166666666667 0.03518518518518519
1 0.44973958333333336 0.9421296296296297 0.03802083333333333 0.10833333333333334
0 0.5786458333333333 0.4740740740740741 0.013541666666666667 0.012962962962962963