1 0.49895833333333334 0.5356481481481481 0.99375 0.9194444444444444
1 0.62890625 0.500462962962963 0.0171875 0.030555555555555555
1 0.28463541666666664 0.7560185185185185 0.03802083333333333 0.15092592592592594
1 0.565625 0.7310185185185185 0.03854166666666667 0.1398148148148148
1 0.3497395833333333 0.6236111111111111 0.03177083333333333 0.13240740740740742
1 0.36796875 0.2740740740740741 0.0265625 0.08888888888888889
1 0.30885416666666665 0.41944444444444445 0.035416666666666666 0.11481481481481481
1 0.57109375 0.5041666666666667 0.04010416666666667 0.10277777777777777
1 0.11953125 0.4449074074074074 0.0359375 0.10462962962962963
1 0.20989583333333334 0.4027777777777778 0.03125 0.10185185185185185
1 0.10703125 0.30694444444444446 0.03177083333333333 0.09351851851851851
1 0.5872395833333334 0.4013888888888889 0.0328125 0.09722222222222222
1 0.5643229166666667 0.2986111111111111 0.03177083333333333 0.08611111111111111
1 0.4666666666666667 0.24074074074074073 0.03125 0.09259259259259259
1 0.31223958333333335 0.34675925925925927 0.027604166666666666 0.09166666666666666
1 0.6494791666666667 0.33425925925925926 0.029166666666666667 0.08888888888888889
1 0.16171875 0.21342592592592594 0.0234375 0.08425925925925926
1 0.3333333333333333 0.19027777777777777 0.027083333333333334 0.0787037037037037
1 0.6291666666666667 0.500462962962963 0.026041666666666668 0.04537037037037037
1 0.7088541666666667 0.4930555555555556 0.046875 0.11018518518518519
0 0.6283854166666667 0.4986111111111111 0.008854166666666666 0.01574074074074074