1 0.49947916666666664 0.5634259259259259 0.9947916666666666 0.862037037037037
1 0.2828125 0.43425925925925923 0.03958333333333333 0.12037037037037036
1 0.6716145833333333 0.5328703703703703 0.0328125 0.12685185185185185
1 0.80703125 0.4263888888888889 0.0484375 0.12685185185185185
1 0.67109375 0.5814814814814815 0.0203125 0.03148148148148148
1 0.6838541666666667 0.3912037037037037 0.034375 0.11944444444444445
1 0.875 0.32037037037037036 0.03229166666666667 0.1111111111111111
1 0.4747395833333333 0.4115740740740741 0.0359375 0.1175925925925926
1 0.5677083333333334 0.287962962962963 0.03229166666666667 0.11296296296296296
1 0.3625 0.34120370370370373 0.029166666666666667 0.09351851851851851
1 0.52734375 0.3300925925925926 0.03697916666666667 0.11018518518518519
1 0.28125 0.4787037037037037 0.01875 0.03148148148148148
1 0.83828125 0.38287037037037036 0.03177083333333333 0.11574074074074074
1 0.7135416666666666 0.1259259259259259 0.016666666666666666 0.03148148148148148
1 0.4947916666666667 0.3527777777777778 0.035416666666666666 0.09814814814814815
1 0.51796875 0.25092592592592594 0.033854166666666664 0.10185185185185185
1 0.44583333333333336 0.35324074074074074 0.035416666666666666 0.11574074074074074