1 0.49947916666666664 0.5907407407407408 0.9927083333333333 0.8074074074074075
1 0.1765625 0.7662037037037037 0.07291666666666667 0.21203703703703702
1 0.096875 0.46574074074074073 0.06041666666666667 0.12037037037037036
1 0.30234375 0.37037037037037035 0.45677083333333335 0.7296296296296296
1 0.10755208333333334 0.7527777777777778 0.21197916666666666 0.24074074074074073
1 0.47578125 0.6875 0.11197916666666667 0.09166666666666666
1 0.10859375 0.4388888888888889 0.21302083333333333 0.8703703703703703
1 0.7658854166666667 0.8759259259259259 0.025520833333333333 0.04814814814814815
1 0.6276041666666666 0.8203703703703704 0.027083333333333334 0.046296296296296294
1 0.3111979166666667 0.6273148148148148 0.12135416666666667 0.14166666666666666
1 0.17239583333333333 0.6921296296296297 0.04583333333333333 0.06574074074074074