1 0.49947916666666664 0.7282407407407407 0.9958333333333333 0.5342592592592592
1 0.48385416666666664 0.7143518518518519 0.040625 0.11388888888888889
1 0.5325520833333334 0.7467592592592592 0.03697916666666667 0.12129629629629629
1 0.5901041666666667 0.7856481481481481 0.029166666666666667 0.1287037037037037
1 0.83359375 0.5972222222222222 0.0265625 0.10925925925925926
1 0.5591145833333333 0.6995370370370371 0.028645833333333332 0.11944444444444445
1 0.29661458333333335 0.6166666666666667 0.034895833333333334 0.12407407407407407
1 0.6666666666666666 0.6944444444444444 0.03125 0.12037037037037036
1 0.95234375 0.712037037037037 0.030729166666666665 0.11851851851851852
1 0.5049479166666667 0.6833333333333333 0.03697916666666667 0.10925925925925926
1 0.690625 0.6861111111111111 0.034375 0.12037037037037036
1 0.9799479166666667 0.7657407407407407 0.0265625 0.13703703703703704
1 0.9270833333333334 0.48194444444444445 0.028125 0.08425925925925926
1 0.24036458333333333 0.6291666666666667 0.1984375 0.2175925925925926
1 0.6263020833333334 0.7125 0.033854166666666664 0.1287037037037037