1 0.49921875 0.5444444444444444 0.9942708333333333 0.9018518518518519
1 0.5643229166666667 0.4981481481481482 0.018229166666666668 0.03148148148148148
1 0.33880208333333334 0.6444444444444445 0.04010416666666667 0.13148148148148148
1 0.34088541666666666 0.47453703703703703 0.0390625 0.1175925925925926
1 0.27317708333333335 0.5476851851851852 0.044270833333333336 0.13240740740740742
1 0.37447916666666664 0.39166666666666666 0.04375 0.10555555555555556
1 0.4921875 0.4828703703703704 0.05 0.11574074074074074
1 0.6596354166666667 0.39537037037037037 0.03697916666666667 0.0962962962962963
1 0.4859375 0.34675925925925927 0.05416666666666667 0.12129629629629629
1 0.153125 0.30694444444444446 0.03854166666666667 0.09907407407407408
1 0.578125 0.45231481481481484 0.040625 0.1175925925925926
1 0.7119791666666667 0.5092592592592593 0.0375 0.12222222222222222
1 0.5294270833333333 0.2884259259259259 0.0296875 0.10462962962962963
1 0.34739583333333335 0.6958333333333333 0.021875 0.032407407407407406
1 0.7385416666666667 0.48194444444444445 0.029166666666666667 0.12129629629629629
1 0.5026041666666666 0.25601851851851853 0.034375 0.09166666666666666
1 0.540625 0.43472222222222223 0.0375 0.10462962962962963
0 0.5640625 0.49583333333333335 0.009375 0.01574074074074074