1 0.13723958333333333 0.7166666666666667 0.06927083333333334 0.13518518518518519
1 0.5653645833333333 0.36527777777777776 0.016145833333333335 0.026851851851851852
1 0.49921875 0.5736111111111111 0.9942708333333333 0.8435185185185186
1 0.42291666666666666 0.44583333333333336 0.040625 0.10277777777777777
1 0.3203125 0.5476851851851852 0.0375 0.10462962962962963
1 0.5692708333333333 0.4648148148148148 0.05 0.1111111111111111
1 0.5434895833333333 0.3402777777777778 0.03802083333333333 0.09166666666666666
1 0.20755208333333333 0.3087962962962963 0.033854166666666664 0.09166666666666666
1 0.31692708333333336 0.4361111111111111 0.044270833333333336 0.11481481481481481
1 0.18671875 0.412962962962963 0.030729166666666665 0.09259259259259259
1 0.35104166666666664 0.45 0.051041666666666666 0.1111111111111111
1 0.15494791666666666 0.35185185185185186 0.04114583333333333 0.10185185185185185
1 0.6184895833333334 0.36898148148148147 0.034895833333333334 0.09351851851851851
0 0.56484375 0.362962962962963 0.0078125 0.012962962962962963