1 0.06927083333333334 0.6453703703703704 0.13541666666666666 0.4703703703703704
1 0.115625 0.8541666666666666 0.042708333333333334 0.04722222222222222
1 0.06484375 0.7032407407407407 0.022395833333333334 0.03796296296296296
1 0.56875 0.5731481481481482 0.030208333333333334 0.08518518518518518
1 0.65625 0.45185185185185184 0.030208333333333334 0.08333333333333333
1 0.8372395833333334 0.7532407407407408 0.04114583333333333 0.15092592592592594
1 0.4981770833333333 0.5027777777777778 0.9880208333333333 0.9851851851851852
1 0.17083333333333334 0.49027777777777776 0.040625 0.1638888888888889
1 0.14140625 0.5222222222222223 0.03177083333333333 0.10925925925925926
1 0.32838541666666665 0.8439814814814814 0.0453125 0.1675925925925926
1 0.5588541666666667 0.4361111111111111 0.030208333333333334 0.09074074074074075
1 0.9203125 0.8055555555555556 0.090625 0.17407407407407408
1 0.2869791666666667 0.46111111111111114 0.035416666666666666 0.11666666666666667
1 0.12734375 0.6398148148148148 0.25052083333333336 0.7092592592592593
1 0.9278645833333333 0.8180555555555555 0.12552083333333333 0.3527777777777778
1 0.22057291666666667 0.6509259259259259 0.03802083333333333 0.15
1 0.2203125 0.6421296296296296 0.030208333333333334 0.09351851851851851
1 0.09895833333333333 0.5115740740740741 0.034375 0.1361111111111111