1 0.49921875 0.6027777777777777 0.9942708333333333 0.7833333333333333
1 0.4046875 0.5013888888888889 0.03854166666666667 0.09166666666666666
1 0.13333333333333333 0.425 0.03125 0.10740740740740741
1 0.63359375 0.5097222222222222 0.06822916666666666 0.09351851851851851
1 0.07213541666666666 0.5555555555555556 0.03802083333333333 0.14074074074074075
1 0.6330729166666667 0.41898148148148145 0.0171875 0.028703703703703703
1 0.7802083333333333 0.4361111111111111 0.03333333333333333 0.06296296296296296
1 0.5067708333333333 0.48518518518518516 0.04895833333333333 0.10555555555555556
1 0.9161458333333333 0.4773148148148148 0.0375 0.06759259259259259
1 0.3182291666666667 0.42083333333333334 0.034375 0.08425925925925926
1 0.6244791666666667 0.3925925925925926 0.028125 0.05
1 0.4869791666666667 0.3662037037037037 0.017708333333333333 0.030555555555555555
1 0.36354166666666665 0.39490740740740743 0.03333333333333333 0.10833333333333334
1 0.6416666666666667 0.537962962962963 0.019791666666666666 0.037037037037037035
1 0.67734375 0.4041666666666667 0.0296875 0.05648148148148148
1 0.52890625 0.42453703703703705 0.03802083333333333 0.12129629629629629
1 0.14921875 0.2675925925925926 0.0171875 0.03148148148148148
1 0.6013020833333333 0.4587962962962963 0.028645833333333332 0.1175925925925926
1 0.027083333333333334 0.5087962962962963 0.035416666666666666 0.12685185185185185
1 0.5770833333333333 0.3712962962962963 0.028125 0.05740740740740741
1 0.8513020833333333 0.4361111111111111 0.04010416666666667 0.09444444444444444