1 0.49973958333333335 0.5453703703703704 0.9942708333333333 0.8981481481481481
1 0.8651041666666667 0.5976851851851852 0.052083333333333336 0.11944444444444445
1 0.3828125 0.5583333333333333 0.040625 0.11481481481481481
1 0.50390625 0.5625 0.034895833333333334 0.1175925925925926
1 0.3875 0.375 0.040625 0.10555555555555556
1 0.87578125 0.3773148148148148 0.04010416666666667 0.10462962962962963
1 0.5122395833333333 0.3263888888888889 0.030729166666666665 0.08981481481481482
1 0.9776041666666667 0.45555555555555555 0.03958333333333333 0.11666666666666667
1 0.6888020833333334 0.3592592592592593 0.03802083333333333 0.1037037037037037
1 0.4635416666666667 0.324537037037037 0.0375 0.09907407407407408
1 0.72890625 0.41944444444444445 0.0265625 0.10925925925925926
1 0.6239583333333333 0.32314814814814813 0.03229166666666667 0.0962962962962963
1 0.5106770833333333 0.5726851851851852 0.015104166666666667 0.026851851851851852
1 0.8841145833333334 0.6402777777777777 0.015104166666666667 0.030555555555555555
1 0.5859375 0.2439814814814815 0.034375 0.08425925925925926
1 0.49296875 0.29768518518518516 0.015104166666666667 0.028703703703703703
1 0.4747395833333333 0.350462962962963 0.016145833333333335 0.028703703703703703
1 0.8885416666666667 0.39675925925925926 0.015625 0.026851851851851852
1 0.3958333333333333 0.5972222222222222 0.015625 0.03518518518518519
1 0.48463541666666665 0.2675925925925926 0.0296875 0.09259259259259259