1 0.49921875 0.6814814814814815 0.9942708333333333 0.6259259259259259
1 0.18177083333333333 0.8569444444444444 0.06666666666666667 0.1712962962962963
1 0.31640625 0.5398148148148149 0.03802083333333333 0.11296296296296296
1 0.07239583333333334 0.5615740740740741 0.03229166666666667 0.11388888888888889
1 0.6223958333333334 0.6523148148148148 0.034375 0.1361111111111111
1 0.45234375 0.6555555555555556 0.04114583333333333 0.1425925925925926
1 0.28411458333333334 0.4393518518518518 0.034895833333333334 0.09351851851851851
1 0.6760416666666667 0.6203703703703703 0.041666666666666664 0.12222222222222222
1 0.32916666666666666 0.4337962962962963 0.029166666666666667 0.08055555555555556
1 0.4984375 0.6398148148148148 0.036458333333333336 0.11481481481481481
1 0.02578125 0.5337962962962963 0.03177083333333333 0.11018518518518519
1 0.28463541666666664 0.4722222222222222 0.018229166666666668 0.02962962962962963
1 0.4244791666666667 0.5949074074074074 0.03958333333333333 0.11388888888888889
1 0.5260416666666666 0.6263888888888889 0.0375 0.13055555555555556
1 0.7013020833333333 0.5569444444444445 0.03177083333333333 0.10277777777777777
1 0.5645833333333333 0.5777777777777777 0.03229166666666667 0.13333333333333333