1 0.49947916666666664 0.712037037037037 0.9958333333333333 0.5666666666666667
1 0.5135416666666667 0.6768518518518518 0.036458333333333336 0.11296296296296296
1 0.4075520833333333 0.6055555555555555 0.033854166666666664 0.08333333333333333
1 0.87265625 0.6805555555555556 0.0359375 0.12407407407407407
1 0.6791666666666667 0.6736111111111112 0.040625 0.11944444444444445
1 0.5653645833333333 0.6203703703703703 0.0296875 0.10555555555555556
1 0.8104166666666667 0.6013888888888889 0.040625 0.11388888888888889
1 0.82421875 0.6333333333333333 0.015104166666666667 0.03148148148148148
1 0.63046875 0.575925925925926 0.044270833333333336 0.10925925925925926
1 0.4869791666666667 0.6268518518518519 0.029166666666666667 0.09814814814814815
1 0.97421875 0.9319444444444445 0.04010416666666667 0.1287037037037037
1 0.6153645833333333 0.5995370370370371 0.0171875 0.03425925925925926
0 0.6575520833333334 0.26666666666666666 0.11927083333333334 0.07592592592592592