1 0.6658854166666667 0.7791666666666667 0.024479166666666666 0.03425925925925926
1 0.49921875 0.5083333333333333 0.9932291666666667 0.9722222222222222
1 0.6947916666666667 0.6925925925925925 0.041666666666666664 0.12222222222222222
1 0.7403645833333333 0.7407407407407407 0.0390625 0.12222222222222222
1 0.9794270833333333 0.7231481481481481 0.022395833333333334 0.040740740740740744
1 0.7434895833333334 0.38425925925925924 0.0296875 0.09259259259259259
1 0.3328125 0.8157407407407408 0.04479166666666667 0.11296296296296296
1 0.9200520833333333 0.4023148148148148 0.027604166666666666 0.08796296296296297
1 0.44505208333333335 0.3060185185185185 0.0265625 0.08796296296296297
1 0.16119791666666666 0.3680555555555556 0.034895833333333334 0.09351851851851851
1 0.41822916666666665 0.6356481481481482 0.04479166666666667 0.1175925925925926
1 0.47317708333333336 0.2916666666666667 0.0234375 0.08148148148148149
1 0.6208333333333333 0.3587962962962963 0.027083333333333334 0.10092592592592593
1 0.12916666666666668 0.16064814814814815 0.026041666666666668 0.06944444444444445
1 0.44895833333333335 0.6162037037037037 0.03229166666666667 0.10833333333333334
1 0.4434895833333333 0.16944444444444445 0.0234375 0.07222222222222222
1 0.2557291666666667 0.37175925925925923 0.030208333333333334 0.09351851851851851
0 0.665625 0.7763888888888889 0.016666666666666666 0.019444444444444445
0 0.9796875 0.7217592592592592 0.015625 0.026851851851851852