1 0.49921875 0.5462962962962963 0.9942708333333333 0.8981481481481481
1 0.26927083333333335 0.6643518518518519 0.04895833333333333 0.15092592592592594
1 0.6815104166666667 0.5268518518518519 0.03697916666666667 0.1259259259259259
1 0.20546875 0.6060185185185185 0.03802083333333333 0.13796296296296295
1 0.5346354166666667 0.5472222222222223 0.04010416666666667 0.1425925925925926
1 0.8309895833333333 0.4009259259259259 0.0609375 0.11296296296296296
1 0.34921875 0.4587962962962963 0.030729166666666665 0.1287037037037037
1 0.21041666666666667 0.31805555555555554 0.0375 0.10092592592592593
1 0.5455729166666666 0.5171296296296296 0.0171875 0.03425925925925926
1 0.7671875 0.40555555555555556 0.03229166666666667 0.12037037037037036
1 0.56171875 0.4074074074074074 0.049479166666666664 0.11851851851851852
1 0.6611979166666667 0.29583333333333334 0.018229166666666668 0.030555555555555555
1 0.39791666666666664 0.3990740740740741 0.034375 0.1111111111111111
1 0.49947916666666664 0.4601851851851852 0.034375 0.10555555555555556
1 0.7486979166666666 0.5212962962962963 0.03697916666666667 0.12407407407407407
1 0.6356770833333333 0.28935185185185186 0.04010416666666667 0.10092592592592593
1 0.46197916666666666 0.3476851851851852 0.03229166666666667 0.125