1 0.49921875 0.5791666666666667 0.9942708333333333 0.8305555555555556
1 0.7692708333333333 0.4824074074074074 0.028125 0.03148148148148148
1 0.6942708333333333 0.5773148148148148 0.03854166666666667 0.13425925925925927
1 0.37916666666666665 0.46435185185185185 0.04583333333333333 0.058333333333333334
1 0.4934895833333333 0.5273148148148148 0.0453125 0.14166666666666666
1 0.925 0.6162037037037037 0.04375 0.15092592592592594
1 0.17942708333333332 0.39814814814814814 0.0390625 0.12962962962962962
1 0.39479166666666665 0.5930555555555556 0.03958333333333333 0.1361111111111111
1 0.8877604166666667 0.5518518518518518 0.033854166666666664 0.14814814814814814
1 0.7401041666666667 0.49675925925925923 0.03854166666666667 0.13796296296296295
1 0.05963541666666667 0.449537037037037 0.03177083333333333 0.11944444444444445
1 0.5143229166666666 0.4652777777777778 0.033854166666666664 0.13425925925925927
1 0.41901041666666666 0.4351851851851852 0.03177083333333333 0.12777777777777777
1 0.5744791666666667 0.3990740740740741 0.036458333333333336 0.12407407407407407
0 0.7690104166666667 0.48009259259259257 0.021354166666666667 0.017592592592592594