1 0.499609375 0.7319444444444444 0.99453125 0.3527777777777778
1 0.628515625 0.5409722222222222 0.14453125 0.26805555555555555
1 0.782421875 0.5472222222222223 0.02578125 0.044444444444444446
1 0.75078125 0.49583333333333335 0.090625 0.3138888888888889
1 0.462109375 0.5798611111111112 0.04140625 0.12916666666666668
1 0.838671875 0.5097222222222222 0.08046875 0.2916666666666667
1 0.643359375 0.5472222222222223 0.02578125 0.041666666666666664
1 0.3625 0.6013888888888889 0.0671875 0.125
1 0.934765625 0.47430555555555554 0.10234375 0.3819444444444444
1 0.841015625 0.5979166666666667 0.06640625 0.10138888888888889
0 0.5625 0.4236111111111111 0.8609375 0.6638888888888889