1 0.49921875 0.5671296296296297 0.9942708333333333 0.8546296296296296
1 0.7986979166666667 0.6074074074074074 0.0609375 0.15555555555555556
1 0.35963541666666665 0.5796296296296296 0.06927083333333334 0.13333333333333333
1 0.5078125 0.5208333333333334 0.03958333333333333 0.14907407407407408
1 0.51015625 0.5763888888888888 0.018229166666666668 0.03611111111111111
1 0.4875 0.36342592592592593 0.034375 0.08611111111111111
1 0.2950520833333333 0.7148148148148148 0.05572916666666667 0.16111111111111112
1 0.05130208333333333 0.5944444444444444 0.04739583333333333 0.14444444444444443
1 0.13333333333333333 0.5138888888888888 0.042708333333333334 0.14814814814814814
1 0.68671875 0.4634259259259259 0.030729166666666665 0.032407407407407406
1 0.29010416666666666 0.36435185185185187 0.03229166666666667 0.1175925925925926
1 0.63359375 0.4689814814814815 0.03697916666666667 0.11574074074074074
0 0.4869791666666667 0.3449074074074074 0.027083333333333334 0.03981481481481482