1 0.49947916666666664 0.5449074074074074 0.9947916666666666 0.899074074074074
1 0.41119791666666666 0.324537037037037 0.015104166666666667 0.028703703703703703
1 0.54609375 0.7347222222222223 0.0390625 0.16574074074074074
1 0.5674479166666667 0.49537037037037035 0.034895833333333334 0.12222222222222222
1 0.18125 0.43842592592592594 0.036458333333333336 0.12314814814814815
1 0.63359375 0.7212962962962963 0.033854166666666664 0.1574074074074074
1 0.8205729166666667 0.3902777777777778 0.04114583333333333 0.13240740740740742
1 0.22083333333333333 0.4013888888888889 0.0375 0.12314814814814815
1 0.90546875 0.5564814814814815 0.0390625 0.13703703703703704
1 0.78984375 0.2972222222222222 0.030729166666666665 0.10555555555555556
1 0.41354166666666664 0.5115740740740741 0.03333333333333333 0.13425925925925927
1 0.9135416666666667 0.5995370370370371 0.014583333333333334 0.032407407407407406
1 0.44192708333333336 0.32685185185185184 0.03177083333333333 0.10555555555555556
1 0.4114583333333333 0.324537037037037 0.022916666666666665 0.041666666666666664
1 0.5736979166666667 0.5180555555555556 0.016145833333333335 0.028703703703703703
1 0.46067708333333335 0.3236111111111111 0.0390625 0.11018518518518519
0 0.4114583333333333 0.32314814814814813 0.008333333333333333 0.014814814814814815