1 0.3294270833333333 0.4837962962962963 0.0171875 0.030555555555555555
1 0.49947916666666664 0.5175925925925926 0.99375 0.9537037037037037
1 0.7151041666666667 0.6467592592592593 0.03958333333333333 0.13055555555555556
1 0.3489583333333333 0.6101851851851852 0.046875 0.11851851851851852
1 0.7770833333333333 0.399537037037037 0.03854166666666667 0.09166666666666666
1 0.46796875 0.6453703703703704 0.049479166666666664 0.12037037037037036
1 0.20598958333333334 0.5074074074074074 0.04010416666666667 0.1
1 0.634375 0.3824074074074074 0.03229166666666667 0.0962962962962963
1 0.49140625 0.5634259259259259 0.043229166666666666 0.11944444444444445
1 0.7559895833333333 0.5444444444444444 0.03802083333333333 0.1037037037037037
1 0.60078125 0.17685185185185184 0.021354166666666667 0.07222222222222222
1 0.5546875 0.49675925925925923 0.03125 0.10648148148148148
1 0.3294270833333333 0.48333333333333334 0.025520833333333333 0.044444444444444446
1 0.80625 0.3421296296296296 0.035416666666666666 0.08981481481481482
1 0.3846354166666667 0.16574074074074074 0.024479166666666666 0.06666666666666667
1 0.4901041666666667 0.46574074074074073 0.03958333333333333 0.10740740740740741
1 0.51953125 0.4615740740740741 0.033854166666666664 0.0824074074074074
1 0.4546875 0.14537037037037037 0.021875 0.07037037037037037
1 0.19375 0.425 0.029166666666666667 0.10185185185185185
1 0.3296875 0.4837962962962963 0.0375 0.06574074074074074
0 0.32890625 0.48194444444444445 0.009895833333333333 0.01574074074074074