1 0.66875 0.462037037037037 0.016666666666666666 0.02962962962962963
1 0.49947916666666664 0.6393518518518518 0.9947916666666666 0.7101851851851851
1 0.36380208333333336 0.537962962962963 0.03697916666666667 0.1037037037037037
1 0.20651041666666667 0.4935185185185185 0.028645833333333332 0.1037037037037037
1 0.58046875 0.7518518518518519 0.0390625 0.15185185185185185
1 0.5270833333333333 0.4981481481481482 0.025 0.09814814814814815
1 0.82109375 0.7643518518518518 0.03802083333333333 0.15462962962962962
1 0.6565104166666667 0.5888888888888889 0.03802083333333333 0.12037037037037036
1 0.34713541666666664 0.4310185185185185 0.0296875 0.08796296296296297
1 0.8174479166666667 0.575 0.030729166666666665 0.10555555555555556
1 0.43515625 0.42083333333333334 0.030729166666666665 0.08796296296296297
1 0.6690104166666667 0.462037037037037 0.0265625 0.044444444444444446
1 0.39739583333333334 0.4935185185185185 0.026041666666666668 0.09444444444444444
1 0.5588541666666667 0.4425925925925926 0.030208333333333334 0.08148148148148149
1 0.1765625 0.3824074074074074 0.028125 0.09074074074074075
0 0.6684895833333333 0.46064814814814814 0.008854166666666666 0.013888888888888888