1 0.49921875 0.5907407407407408 0.9942708333333333 0.8092592592592592
1 0.48359375 0.6393518518518518 0.1078125 0.25462962962962965
1 0.32083333333333336 0.35324074074074074 0.01875 0.030555555555555555
1 0.48932291666666666 0.36157407407407405 0.0421875 0.14166666666666666
1 0.5356770833333333 0.3611111111111111 0.0390625 0.11851851851851852
1 0.6526041666666667 0.3851851851851852 0.04479166666666667 0.15185185185185185
1 0.9174479166666667 0.38055555555555554 0.0546875 0.15185185185185185
1 0.37890625 0.37546296296296294 0.04114583333333333 0.12129629629629629
1 0.5721354166666667 0.32731481481481484 0.028645833333333332 0.12129629629629629
1 0.7619791666666667 0.325 0.034375 0.11481481481481481
1 0.20677083333333332 0.30833333333333335 0.035416666666666666 0.10185185185185185
1 0.43463541666666666 0.28703703703703703 0.03697916666666667 0.11666666666666667
1 0.30572916666666666 0.32083333333333336 0.035416666666666666 0.10462962962962963
1 0.6833333333333333 0.3388888888888889 0.03333333333333333 0.13703703703703704
1 0.2484375 0.3425925925925926 0.04479166666666667 0.12037037037037036
0 0.32083333333333336 0.3509259259259259 0.010416666666666666 0.016666666666666666