1 0.49947916666666664 0.5375 0.99375 0.9157407407407407
1 0.38776041666666666 0.4263888888888889 0.015104166666666667 0.028703703703703703
1 0.5263020833333333 0.5208333333333334 0.044270833333333336 0.11388888888888889
1 0.57890625 0.6217592592592592 0.04010416666666667 0.125
1 0.31927083333333334 0.6277777777777778 0.035416666666666666 0.1259259259259259
1 0.7606770833333333 0.6583333333333333 0.0421875 0.12777777777777777
1 0.3059895833333333 0.44027777777777777 0.028645833333333332 0.11018518518518519
1 0.8513020833333333 0.6277777777777778 0.0296875 0.11481481481481481
1 0.6033854166666667 0.24305555555555555 0.024479166666666666 0.07314814814814814
1 0.3684895833333333 0.4 0.0296875 0.10185185185185185
1 0.740625 0.26666666666666666 0.022916666666666665 0.08703703703703704
1 0.46067708333333335 0.5888888888888889 0.030729166666666665 0.12222222222222222
1 0.83828125 0.41203703703703703 0.024479166666666666 0.09444444444444444
1 0.7408854166666666 0.5560185185185185 0.04635416666666667 0.06388888888888888
1 0.4453125 0.2222222222222222 0.022916666666666665 0.07592592592592592
1 0.81953125 0.43148148148148147 0.03177083333333333 0.09814814814814815
1 0.76875 0.47962962962962963 0.028125 0.1037037037037037
1 0.3880208333333333 0.42685185185185187 0.026041666666666668 0.046296296296296294
0 0.3875 0.42453703703703705 0.007291666666666667 0.013888888888888888