1 0.49921875 0.5356481481481481 0.9942708333333333 0.9175925925925926
1 0.7239583333333334 0.5962962962962963 0.03333333333333333 0.12407407407407407
1 0.45364583333333336 0.39305555555555555 0.03854166666666667 0.09537037037037037
1 0.5552083333333333 0.6125 0.03333333333333333 0.11388888888888889
1 0.43984375 0.5902777777777778 0.04114583333333333 0.11018518518518519
1 0.7541666666666667 0.24027777777777778 0.028125 0.08611111111111111
1 0.4752604166666667 0.4930555555555556 0.033854166666666664 0.11018518518518519
1 0.7309895833333333 0.44305555555555554 0.028645833333333332 0.10833333333333334
1 0.06614583333333333 0.8342592592592593 0.036458333333333336 0.1814814814814815
1 0.3690104166666667 0.524537037037037 0.034895833333333334 0.1175925925925926
1 0.975 0.412962962962963 0.04375 0.1111111111111111
1 0.7609375 0.26944444444444443 0.015625 0.027777777777777776
1 0.553125 0.6518518518518519 0.017708333333333333 0.03333333333333333
1 0.25755208333333335 0.2587962962962963 0.0359375 0.09907407407407408
1 0.39557291666666666 0.43333333333333335 0.0453125 0.10185185185185185
1 0.55703125 0.31574074074074077 0.028645833333333332 0.09074074074074075