1 0.49921875 0.5518518518518518 0.9942708333333333 0.8851851851851852
1 0.5130208333333334 0.6226851851851852 0.03854166666666667 0.13055555555555556
1 0.91015625 0.45416666666666666 0.028645833333333332 0.11944444444444445
1 0.49583333333333335 0.5083333333333333 0.029166666666666667 0.12037037037037036
1 0.6229166666666667 0.27175925925925926 0.03125 0.09722222222222222
1 0.9794270833333333 0.4060185185185185 0.0234375 0.11388888888888889
1 0.8770833333333333 0.4166666666666667 0.025 0.1111111111111111
1 0.5645833333333333 0.2800925925925926 0.03125 0.0824074074074074
1 0.9109375 0.49953703703703706 0.020833333333333332 0.028703703703703703
1 0.44296875 0.36203703703703705 0.028645833333333332 0.11296296296296296
1 0.5229166666666667 0.6703703703703704 0.017708333333333333 0.027777777777777776
1 0.5046875 0.3578703703703704 0.028125 0.09722222222222222