1 0.49973958333333335 0.674074074074074 0.9942708333333333 0.6425925925925926
1 0.24583333333333332 0.5157407407407407 0.03854166666666667 0.14814814814814814
1 0.1546875 0.46574074074074073 0.04791666666666667 0.13148148148148148
1 0.4856770833333333 0.44027777777777777 0.016145833333333335 0.032407407407407406
1 0.5625 0.4986111111111111 0.03958333333333333 0.13425925925925927
1 0.44973958333333336 0.462037037037037 0.05364583333333333 0.14629629629629629
1 0.8471354166666667 0.4615740740740741 0.0328125 0.1398148148148148
1 0.5361979166666667 0.35694444444444445 0.022395833333333334 0.041666666666666664
1 0.53125 0.49212962962962964 0.052083333333333336 0.15833333333333333
1 0.38229166666666664 0.38842592592592595 0.03125 0.10092592592592593
1 0.5888020833333333 0.3574074074074074 0.027604166666666666 0.09259259259259259
1 0.2598958333333333 0.41435185185185186 0.029166666666666667 0.1175925925925926
1 0.5005208333333333 0.4236111111111111 0.046875 0.11944444444444445
1 0.6825520833333333 0.35648148148148145 0.025520833333333333 0.04259259259259259