1 0.498828125 0.5354166666666667 0.99296875 0.7458333333333333
1 0.646875 0.4340277777777778 0.0609375 0.10416666666666667
1 0.7765625 0.4263888888888889 0.01875 0.03333333333333333
1 0.37890625 0.5125 0.053125 0.2111111111111111
1 0.2234375 0.6423611111111112 0.0625 0.2375
1 0.819921875 0.5923611111111111 0.03046875 0.03194444444444444
1 0.306640625 0.38472222222222224 0.03828125 0.1527777777777778
1 0.085546875 0.43819444444444444 0.04296875 0.10972222222222222
1 0.175390625 0.43194444444444446 0.03671875 0.17777777777777778
1 0.07421875 0.47291666666666665 0.021875 0.0375
1 0.672265625 0.45625 0.01953125 0.03194444444444444
1 0.22578125 0.4048611111111111 0.053125 0.14305555555555555
1 0.45 0.22083333333333333 0.05 0.11944444444444445
1 0.812109375 0.3013888888888889 0.02109375 0.03888888888888889
1 0.2390625 0.5229166666666667 0.040625 0.1625
1 0.115234375 0.38472222222222224 0.04765625 0.14444444444444443