1 0.49973958333333335 0.6555555555555556 0.9953125 0.6777777777777778
1 0.32526041666666666 0.6689814814814815 0.04635416666666667 0.16574074074074074
1 0.69921875 0.850925925925926 0.09322916666666667 0.2111111111111111
1 0.8565104166666667 0.5458333333333333 0.043229166666666666 0.1527777777777778
1 0.5651041666666666 0.49583333333333335 0.022916666666666665 0.03425925925925926
1 0.58203125 0.47824074074074074 0.05364583333333333 0.07685185185185185
1 0.4127604166666667 0.45925925925925926 0.04010416666666667 0.15
1 0.7638020833333333 0.5254629629629629 0.03802083333333333 0.1527777777777778
1 0.6513020833333333 0.4476851851851852 0.0296875 0.13240740740740742
1 0.3104166666666667 0.7287037037037037 0.017708333333333333 0.03888888888888889
1 0.37447916666666664 0.45416666666666666 0.0375 0.15092592592592594
1 0.5536458333333333 0.4550925925925926 0.052083333333333336 0.075
1 0.32864583333333336 0.49444444444444446 0.041666666666666664 0.15185185185185185
1 0.3421875 0.6643518518518519 0.013541666666666667 0.032407407407407406
1 0.92109375 0.42685185185185187 0.03177083333333333 0.13148148148148148
1 0.73828125 0.8152777777777778 0.0171875 0.03425925925925926
1 0.058854166666666666 0.5657407407407408 0.03229166666666667 0.03333333333333333