1 0.498828125 0.5006944444444444 0.99296875 0.8208333333333333
1 0.35234375 0.5569444444444445 0.04375 0.10277777777777777
1 0.605078125 0.5680555555555555 0.03359375 0.09444444444444444
1 0.491796875 0.7909722222222222 0.05234375 0.12916666666666668
1 0.534375 0.2777777777777778 0.034375 0.075
1 0.40390625 0.39791666666666664 0.0265625 0.08472222222222223
1 0.549609375 0.5326388888888889 0.05078125 0.09861111111111111
1 0.39609375 0.5506944444444445 0.034375 0.09583333333333334
1 0.5734375 0.45902777777777776 0.0453125 0.0875
1 0.36171875 0.3763888888888889 0.0296875 0.08888888888888889
1 0.140625 0.5631944444444444 0.0359375 0.10972222222222222
1 0.1046875 0.43819444444444444 0.0296875 0.09027777777777778
1 0.339453125 0.26180555555555557 0.01640625 0.029166666666666667
1 0.971875 0.3013888888888889 0.034375 0.08888888888888889
1 0.48828125 0.25416666666666665 0.015625 0.030555555555555555
1 0.496875 0.23680555555555555 0.0328125 0.0763888888888889
1 0.68515625 0.1 0.0171875 0.030555555555555555
1 0.531640625 0.5548611111111111 0.01640625 0.034722222222222224
1 0.9640625 0.3298611111111111 0.01875 0.029166666666666667
1 0.166796875 0.5256944444444445 0.03984375 0.10972222222222222
1 0.178515625 0.23194444444444445 0.03046875 0.07777777777777778
1 0.341796875 0.5715277777777777 0.02265625 0.029166666666666667
1 0.566796875 0.5652777777777778 0.01796875 0.030555555555555555