1 0.6216145833333333 0.6277777777777778 0.1578125 0.34074074074074073
1 0.37734375 0.6125 0.13697916666666668 0.39537037037037037
1 0.49947916666666664 0.8898148148148148 0.9958333333333333 0.21481481481481482
1 0.20755208333333333 0.575462962962963 0.08385416666666666 0.46944444444444444
1 0.8966145833333333 0.7652777777777777 0.0546875 0.06388888888888888
1 0.90625 0.6 0.12708333333333333 0.42962962962962964
1 0.8203125 0.5740740740740741 0.09895833333333333 0.5074074074074074
1 0.44505208333333335 0.5652777777777778 0.0984375 0.4861111111111111
1 0.2916666666666667 0.5449074074074074 0.0875 0.5175925925925926
1 0.7479166666666667 0.5930555555555556 0.11458333333333333 0.44166666666666665
1 0.5049479166666667 0.7106481481481481 0.1515625 0.1787037037037037
0 0.0703125 0.7574074074074074 0.01875 0.04259259259259259
0 0.47604166666666664 0.39305555555555555 0.034375 0.06388888888888888
0 0.20546875 0.7245370370370371 0.024479166666666666 0.05092592592592592
0 0.9044270833333333 0.7578703703703704 0.0328125 0.041666666666666664