1 0.49947916666666664 0.6763888888888889 0.9947916666666666 0.6361111111111111
1 0.8973958333333333 0.5907407407407408 0.026041666666666668 0.03148148148148148
1 0.45625 0.5356481481481481 0.06875 0.14722222222222223
1 0.7580729166666667 0.5449074074074074 0.07864583333333333 0.07685185185185185
1 0.7098958333333333 0.40555555555555556 0.017708333333333333 0.03333333333333333
1 0.33645833333333336 0.5254629629629629 0.03854166666666667 0.11574074074074074
1 0.5640625 0.5851851851851851 0.08020833333333334 0.1259259259259259
1 0.7265625 0.5259259259259259 0.017708333333333333 0.03148148148148148
1 0.6375 0.513425925925926 0.051041666666666666 0.18611111111111112
1 0.29739583333333336 0.45694444444444443 0.051041666666666666 0.1175925925925926
1 0.73359375 0.5611111111111111 0.0171875 0.027777777777777776
1 0.04765625 0.46944444444444444 0.049479166666666664 0.13518518518518519
1 0.14557291666666666 0.4185185185185185 0.0390625 0.12037037037037036
1 0.6078125 0.5574074074074075 0.042708333333333334 0.17037037037037037
1 0.7234375 0.36898148148148147 0.057291666666666664 0.09166666666666666
1 0.5674479166666667 0.6078703703703704 0.0203125 0.03425925925925926
1 0.5020833333333333 0.4703703703703704 0.04791666666666667 0.11851851851851852
1 0.68125 0.3472222222222222 0.03333333333333333 0.06851851851851852
1 0.8236979166666667 0.4550925925925926 0.15989583333333332 0.24351851851851852