1 0.50703125 0.6555555555555556 0.018229166666666668 0.03333333333333333
1 0.49973958333333335 0.7537037037037037 0.9953125 0.48333333333333334
1 0.5330729166666667 0.6185185185185185 0.05677083333333333 0.10555555555555556
1 0.11640625 0.8125 0.0984375 0.21944444444444444
1 0.50078125 0.5115740740740741 0.0328125 0.06574074074074074
1 0.06796875 0.7569444444444444 0.06822916666666666 0.21574074074074073
1 0.17447916666666666 0.8851851851851852 0.058333333333333334 0.2222222222222222
1 0.9252604166666667 0.8199074074074074 0.022395833333333334 0.03425925925925926
1 0.26953125 0.9125 0.0765625 0.1675925925925926
1 0.9432291666666667 0.8870370370370371 0.05625 0.21851851851851853
1 0.55234375 0.5925925925925926 0.0171875 0.027777777777777776
1 0.09869791666666666 0.6935185185185185 0.03697916666666667 0.16666666666666666
1 0.90859375 0.5106481481481482 0.0328125 0.0787037037037037
1 0.66796875 0.9125 0.06510416666666667 0.1675925925925926
1 0.5028645833333333 0.48842592592592593 0.1765625 0.11203703703703703
1 0.4473958333333333 0.9333333333333333 0.057291666666666664 0.1259259259259259
0 0.5067708333333333 0.6532407407407408 0.009375 0.019444444444444445