1 0.54453125 0.5833333333333334 0.1546875 0.575925925925926
1 0.8895833333333333 0.5546296296296296 0.13229166666666667 0.6759259259259259
1 0.6919270833333333 0.5907407407407408 0.15989583333333332 0.5981481481481481
1 0.36796875 0.6037037037037037 0.1703125 0.5537037037037037
1 0.24114583333333334 0.6226851851851852 0.12708333333333333 0.5101851851851852
1 0.49973958333333335 0.9208333333333333 0.9963541666666667 0.1527777777777778
1 0.31145833333333334 0.387037037037037 0.06770833333333333 0.18518518518518517
1 0.09869791666666666 0.5560185185185185 0.08802083333333334 0.21574074074074073
1 0.6088541666666667 0.8074074074074075 0.042708333333333334 0.1111111111111111
1 0.2703125 0.6212962962962963 0.3302083333333333 0.5185185185185185
0 0.7666666666666667 0.825 0.03854166666666667 0.06481481481481481