1 0.49947916666666664 0.6032407407407407 0.9947916666666666 0.7805555555555556
1 0.27005208333333336 0.21851851851851853 0.0203125 0.03333333333333333
1 0.38619791666666664 0.575925925925926 0.05677083333333333 0.16111111111111112
1 0.23541666666666666 0.5162037037037037 0.05625 0.1638888888888889
1 0.25390625 0.5768518518518518 0.018229166666666668 0.037037037037037035
1 0.7411458333333333 0.6342592592592593 0.04583333333333333 0.1814814814814815
1 0.59375 0.5018518518518519 0.06666666666666667 0.14629629629629629
1 0.7815104166666667 0.4652777777777778 0.018229166666666668 0.03796296296296296
1 0.40520833333333334 0.6342592592592593 0.01875 0.03333333333333333
1 0.07760416666666667 0.5324074074074074 0.04895833333333333 0.16296296296296298
1 0.80078125 0.8935185185185185 0.0609375 0.2037037037037037
1 0.8096354166666667 0.4699074074074074 0.04739583333333333 0.15833333333333333
1 0.5401041666666667 0.48055555555555557 0.0375 0.15
1 0.26145833333333335 0.412962962962963 0.05 0.14814814814814814
1 0.7075520833333333 0.4740740740740741 0.043229166666666666 0.16296296296296298
1 0.75703125 0.43842592592592594 0.06197916666666667 0.15462962962962962
1 0.23229166666666667 0.5300925925925926 0.019791666666666666 0.030555555555555555
1 0.40520833333333334 0.6347222222222222 0.027083333333333334 0.04722222222222222
1 0.60859375 0.4324074074074074 0.04114583333333333 0.12222222222222222
1 0.25416666666666665 0.5768518518518518 0.028125 0.05
1 0.6796875 0.4601851851851852 0.03854166666666667 0.12037037037037036
1 0.2708333333333333 0.21851851851851853 0.035416666666666666 0.06111111111111111
0 0.26953125 0.21712962962962962 0.0140625 0.023148148148148147