1 0.7026041666666667 0.6402777777777777 0.16458333333333333 0.49537037037037035
1 0.5674479166666667 0.46805555555555556 0.0203125 0.03611111111111111
1 0.49947916666666664 0.812962962962963 0.9958333333333333 0.36666666666666664
1 0.13463541666666667 0.6620370370370371 0.03697916666666667 0.1111111111111111
1 0.3763020833333333 0.6444444444444445 0.028645833333333332 0.11481481481481481
1 0.32578125 0.6462962962962963 0.024479166666666666 0.08333333333333333
1 0.28567708333333336 0.6523148148148148 0.0296875 0.11018518518518519
1 0.5057291666666667 0.6300925925925925 0.026041666666666668 0.09351851851851851
1 0.13151041666666666 0.687962962962963 0.018229166666666668 0.03333333333333333
1 0.5513020833333333 0.6310185185185185 0.05572916666666667 0.11574074074074074
1 0.5518229166666667 0.6675925925925926 0.05677083333333333 0.04259259259259259
1 0.41744791666666664 0.6412037037037037 0.025520833333333333 0.10648148148148148
0 0.5674479166666667 0.4666666666666667 0.011979166666666667 0.020370370370370372