1 0.49947916666666664 0.6921296296296297 0.9947916666666666 0.6064814814814815
1 0.25885416666666666 0.7486111111111111 0.036458333333333336 0.12685185185185185
1 0.48333333333333334 0.6833333333333333 0.034375 0.10555555555555556
1 0.7497395833333333 0.6041666666666666 0.0515625 0.09166666666666666
1 0.2875 0.5550925925925926 0.015625 0.026851851851851852
1 0.3263020833333333 0.625462962962963 0.0296875 0.10833333333333334
1 0.2794270833333333 0.5180555555555556 0.0359375 0.08611111111111111
1 0.56875 0.7328703703703704 0.034375 0.11203703703703703
1 0.08020833333333334 0.6027777777777777 0.030208333333333334 0.10925925925925926
1 0.4510416666666667 0.5518518518518518 0.029166666666666667 0.0962962962962963
1 0.7434895833333334 0.6333333333333333 0.019270833333333334 0.02962962962962963
1 0.640625 0.5898148148148148 0.03333333333333333 0.1
1 0.5161458333333333 0.5777777777777777 0.03125 0.09444444444444444
1 0.5557291666666667 0.5453703703703704 0.026041666666666668 0.07407407407407407
1 0.6783854166666666 0.5634259259259259 0.034895833333333334 0.09166666666666666
1 0.6158854166666666 0.600462962962963 0.0296875 0.09722222222222222
1 0.5729166666666666 0.6097222222222223 0.03854166666666667 0.10648148148148148
0 0.2869791666666667 0.5532407407407407 0.007291666666666667 0.012037037037037037