1 0.737890625 0.5541666666666667 0.01953125 0.03333333333333333
1 0.498828125 0.5708333333333333 0.99453125 0.6777777777777778
1 0.429296875 0.6361111111111111 0.04140625 0.125
1 0.2828125 0.5527777777777778 0.03125 0.15
1 0.52109375 0.625 0.0421875 0.1527777777777778
1 0.616015625 0.48333333333333334 0.05078125 0.11666666666666667
1 0.17578125 0.5729166666666666 0.034375 0.09027777777777778
1 0.116796875 0.40347222222222223 0.03203125 0.12361111111111112
1 0.42421875 0.5465277777777777 0.0421875 0.14583333333333334
1 0.341796875 0.5652777777777778 0.05078125 0.15555555555555556
1 0.20390625 0.5326388888888889 0.0359375 0.13194444444444445
1 0.829296875 0.6131944444444445 0.02890625 0.034722222222222224
1 0.45859375 0.5041666666666667 0.0484375 0.13055555555555556
0 0.737890625 0.5520833333333334 0.01171875 0.018055555555555554