1 0.40963541666666664 0.6527777777777778 0.0171875 0.03148148148148148
1 0.49947916666666664 0.6398148148148148 0.9947916666666666 0.7111111111111111
1 0.37916666666666665 0.6314814814814815 0.0375 0.11666666666666667
1 0.44895833333333335 0.6393518518518518 0.03854166666666667 0.12314814814814815
1 0.5971354166666667 0.7199074074074074 0.04114583333333333 0.13055555555555556
1 0.7015625 0.6717592592592593 0.036458333333333336 0.1361111111111111
1 0.2875 0.4875 0.040625 0.08611111111111111
1 0.8169270833333333 0.4212962962962963 0.03697916666666667 0.11296296296296296
1 0.8567708333333334 0.6300925925925925 0.03333333333333333 0.12314814814814815
1 0.52265625 0.6 0.0421875 0.10740740740740741
1 0.6151041666666667 0.5828703703703704 0.040625 0.11203703703703703
1 0.5315104166666667 0.5291666666666667 0.03177083333333333 0.10462962962962963
1 0.5971354166666667 0.4912037037037037 0.0359375 0.10277777777777777
1 0.48151041666666666 0.600925925925926 0.03177083333333333 0.09444444444444444
0 0.409375 0.65 0.008333333333333333 0.016666666666666666