1 0.49947916666666664 0.5722222222222222 0.99375 0.8444444444444444
1 0.5104166666666666 0.30694444444444446 0.014583333333333334 0.026851851851851852
1 0.43046875 0.48055555555555557 0.043229166666666666 0.10740740740740741
1 0.8182291666666667 0.5893518518518519 0.04479166666666667 0.12129629629629629
1 0.5645833333333333 0.475 0.03854166666666667 0.11481481481481481
1 0.7463541666666667 0.4078703703703704 0.042708333333333334 0.11203703703703703
1 0.49192708333333335 0.3819444444444444 0.044270833333333336 0.11203703703703703
1 0.5708333333333333 0.28564814814814815 0.034375 0.10092592592592593
1 0.6739583333333333 0.31296296296296294 0.040625 0.0962962962962963
1 0.20989583333333334 0.33101851851851855 0.035416666666666666 0.09722222222222222
1 0.74453125 0.26481481481481484 0.027604166666666666 0.08888888888888889
1 0.9026041666666667 0.3972222222222222 0.029166666666666667 0.10185185185185185
1 0.44453125 0.5032407407407408 0.016145833333333335 0.026851851851851852
1 0.9770833333333333 0.4351851851851852 0.03854166666666667 0.11481481481481481
1 0.49557291666666664 0.29259259259259257 0.049479166666666664 0.07407407407407407
1 0.52265625 0.2810185185185185 0.0296875 0.0824074074074074
1 0.8338541666666667 0.6310185185185185 0.014583333333333334 0.032407407407407406
0 0.509375 0.3050925925925926 0.007291666666666667 0.013888888888888888