1 0.49947916666666664 0.7342592592592593 0.9947916666666666 0.5222222222222223
1 0.3723958333333333 0.6425925925925926 0.026041666666666668 0.09814814814814815
1 0.8552083333333333 0.7046296296296296 0.034375 0.10740740740740741
1 0.61328125 0.5916666666666667 0.022395833333333334 0.09444444444444444
1 0.7044270833333334 0.5879629629629629 0.024479166666666666 0.0962962962962963
1 0.8052083333333333 0.5486111111111112 0.03125 0.09166666666666666
1 0.49114583333333334 0.4925925925925926 0.03125 0.07777777777777778
1 0.903125 0.538425925925926 0.030208333333333334 0.09166666666666666
1 0.3692708333333333 0.5175925925925926 0.027083333333333334 0.09259259259259259
1 0.7049479166666667 0.5023148148148148 0.028645833333333332 0.0787037037037037
1 0.5763020833333333 0.5208333333333334 0.0296875 0.08425925925925926
1 0.63359375 0.5782407407407407 0.030729166666666665 0.09722222222222222
1 0.8447916666666667 0.5050925925925925 0.029166666666666667 0.08611111111111111
1 0.7760416666666666 0.4736111111111111 0.028125 0.0787037037037037