1 0.49895833333333334 0.5930555555555556 0.9947916666666666 0.8027777777777778
1 0.4890625 0.5199074074074074 0.040625 0.12314814814814815
1 0.42994791666666665 0.7092592592592593 0.0484375 0.13148148148148148
1 0.42942708333333335 0.5060185185185185 0.04114583333333333 0.125
1 0.6872395833333333 0.4842592592592593 0.04114583333333333 0.046296296296296294
1 0.3671875 0.5995370370370371 0.03958333333333333 0.125
1 0.22109375 0.5291666666666667 0.03802083333333333 0.1287037037037037
1 0.11067708333333333 0.6402777777777777 0.04010416666666667 0.1287037037037037
1 0.13932291666666666 0.4722222222222222 0.03802083333333333 0.12222222222222222
1 0.38255208333333335 0.40879629629629627 0.04739583333333333 0.12129629629629629
1 0.35885416666666664 0.5064814814814815 0.03854166666666667 0.11296296296296296
1 0.43411458333333336 0.42777777777777776 0.028645833333333332 0.10740740740740741
1 0.23203125 0.35509259259259257 0.027604166666666666 0.10833333333333334
1 0.05026041666666667 0.6074074074074074 0.04114583333333333 0.13703703703703704
1 0.39869791666666665 0.4564814814814815 0.019270833333333334 0.027777777777777776
1 0.3375 0.41805555555555557 0.03229166666666667 0.11944444444444445
1 0.1953125 0.48703703703703705 0.036458333333333336 0.11666666666666667
1 0.28151041666666665 0.39166666666666666 0.0328125 0.11296296296296296
0 0.6942708333333333 0.4828703703703704 0.016666666666666666 0.030555555555555555