1 0.49921875 0.5856481481481481 0.9942708333333333 0.8194444444444444
1 0.7747395833333334 0.5657407407407408 0.049479166666666664 0.11851851851851852
1 0.35598958333333336 0.7861111111111111 0.0359375 0.1537037037037037
1 0.53125 0.6111111111111112 0.03854166666666667 0.1425925925925926
1 0.68203125 0.7314814814814815 0.0296875 0.14814814814814814
1 0.28489583333333335 0.42962962962962964 0.034375 0.12407407407407407
1 0.4669270833333333 0.3958333333333333 0.04114583333333333 0.10092592592592593
1 0.40286458333333336 0.37824074074074077 0.04739583333333333 0.10092592592592593
1 0.7921875 0.6060185185185185 0.016666666666666666 0.03611111111111111
1 0.8135416666666667 0.5009259259259259 0.028125 0.12777777777777777
1 0.75546875 0.3611111111111111 0.030729166666666665 0.1111111111111111
1 0.28203125 0.6240740740740741 0.04739583333333333 0.14074074074074075
1 0.5606770833333333 0.38796296296296295 0.034895833333333334 0.10925925925925926
1 0.36796875 0.39166666666666666 0.0328125 0.1111111111111111
1 0.9723958333333333 0.46944444444444444 0.015625 0.025925925925925925
1 0.721875 0.4842592592592593 0.034375 0.12037037037037036
1 0.6640625 0.42592592592592593 0.030208333333333334 0.11851851851851852
1 0.25546875 0.47453703703703703 0.0328125 0.11574074074074074
0 0.17083333333333334 0.175 0.019791666666666666 0.040740740740740744
0 0.18567708333333333 0.17453703703703705 0.0171875 0.03981481481481482