1 0.49973958333333335 0.6143518518518518 0.9942708333333333 0.7583333333333333
1 0.44166666666666665 0.5351851851851852 0.015625 0.027777777777777776
1 0.22734375 0.425462962962963 0.04635416666666667 0.11574074074074074
1 0.6096354166666667 0.4671296296296296 0.04010416666666667 0.10277777777777777
1 0.9604166666666667 0.5726851851851852 0.04375 0.1287037037037037
1 0.42682291666666666 0.49675925925925923 0.04010416666666667 0.11944444444444445
1 0.4036458333333333 0.33287037037037037 0.041666666666666664 0.08611111111111111
1 0.10989583333333333 0.35648148148148145 0.013541666666666667 0.027777777777777776
1 0.18697916666666667 0.4212962962962963 0.03229166666666667 0.1111111111111111
1 0.1265625 0.34120370370370373 0.046875 0.09722222222222222
1 0.41432291666666665 0.5189814814814815 0.016145833333333335 0.030555555555555555
1 0.5591145833333333 0.3902777777777778 0.0484375 0.11018518518518519
1 0.31875 0.3472222222222222 0.029166666666666667 0.09074074074074075
1 0.44192708333333336 0.5356481481481481 0.024479166666666666 0.041666666666666664
1 0.3184895833333333 0.3814814814814815 0.019270833333333334 0.024074074074074074
0 0.44114583333333335 0.5337962962962963 0.009375 0.01574074074074074