1 0.11875 0.4 0.01875 0.03333333333333333
1 0.41640625 0.6851851851851852 0.1078125 0.30925925925925923
1 0.49921875 0.5972222222222222 0.9953125 0.7962962962962963
1 0.31171875 0.3787037037037037 0.05364583333333333 0.12962962962962962
1 0.82265625 0.37222222222222223 0.03802083333333333 0.12037037037037036
1 0.5502604166666667 0.3875 0.0359375 0.15462962962962962
1 0.7619791666666667 0.3625 0.036458333333333336 0.12685185185185185
1 0.3966145833333333 0.3597222222222222 0.033854166666666664 0.14351851851851852
1 0.43854166666666666 0.36157407407407405 0.04583333333333333 0.125
1 0.08385416666666666 0.35694444444444445 0.041666666666666664 0.13055555555555556
1 0.63359375 0.33055555555555555 0.027604166666666666 0.11666666666666667
1 0.9822916666666667 0.39351851851851855 0.03125 0.15555555555555556
1 0.46875 0.34629629629629627 0.03854166666666667 0.11851851851851852
1 0.5723958333333333 0.35833333333333334 0.030208333333333334 0.14629629629629629
0 0.11848958333333333 0.3972222222222222 0.011979166666666667 0.018518518518518517