1 0.49921875 0.6365740740740741 0.9942708333333333 0.7175925925925926
1 0.7450520833333333 0.5958333333333333 0.033854166666666664 0.10462962962962963
1 0.33125 0.6046296296296296 0.036458333333333336 0.10555555555555556
1 0.44505208333333335 0.3962962962962963 0.0140625 0.025925925925925925
1 0.42213541666666665 0.5032407407407408 0.0296875 0.09351851851851851
1 0.7846354166666667 0.5398148148148149 0.0265625 0.0962962962962963
1 0.5575520833333333 0.4 0.030729166666666665 0.07962962962962963
1 0.21848958333333332 0.36712962962962964 0.0359375 0.08796296296296297
1 0.5348958333333333 0.4675925925925926 0.03333333333333333 0.09259259259259259
1 0.05651041666666667 0.9273148148148148 0.0421875 0.13425925925925927
1 0.97421875 0.9861111111111112 0.018229166666666668 0.025925925925925925
1 0.02109375 0.45555555555555555 0.0296875 0.09074074074074075
1 0.4278645833333333 0.38333333333333336 0.025520833333333333 0.07592592592592592
1 0.24739583333333334 0.5833333333333334 0.034375 0.1111111111111111
1 0.7526041666666666 0.4625 0.028125 0.08611111111111111
1 0.22942708333333334 0.3768518518518518 0.015104166666666667 0.027777777777777776
1 0.53046875 0.3421296296296296 0.028645833333333332 0.07314814814814814
0 0.9744791666666667 0.9879629629629629 0.010416666666666666 0.020370370370370372
0 0.44453125 0.3939814814814815 0.005729166666666666 0.010185185185185186