1 0.49947916666666664 0.6759259259259259 0.9947916666666666 0.6370370370370371
1 0.3765625 0.44305555555555554 0.015625 0.028703703703703703
1 0.4453125 0.6828703703703703 0.03958333333333333 0.11203703703703703
1 0.20989583333333334 0.6083333333333333 0.0375 0.10555555555555556
1 0.27057291666666666 0.5069444444444444 0.03802083333333333 0.08055555555555556
1 0.07291666666666667 0.5601851851851852 0.05 0.1537037037037037
1 0.7921875 0.8898148148148148 0.034375 0.15
1 0.8080729166666667 0.5319444444444444 0.0390625 0.09722222222222222
1 0.4356770833333333 0.5726851851851852 0.033854166666666664 0.09537037037037037
1 0.33359375 0.5699074074074074 0.033854166666666664 0.10277777777777777
1 0.48020833333333335 0.6625 0.03333333333333333 0.11203703703703703
1 0.0328125 0.7851851851851852 0.040625 0.1388888888888889
1 0.3567708333333333 0.5875 0.034375 0.09722222222222222
1 0.5104166666666666 0.6185185185185185 0.03333333333333333 0.10185185185185185
1 0.35885416666666664 0.5060185185185185 0.027083333333333334 0.08611111111111111
1 0.3768229166666667 0.44305555555555554 0.0234375 0.03981481481481482
0 0.37604166666666666 0.4412037037037037 0.008333333333333333 0.013888888888888888