1 0.49921875 0.5652777777777778 0.99375 0.6888888888888889
1 0.546484375 0.7340277777777777 0.04296875 0.12083333333333333
1 0.47734375 0.5118055555555555 0.03125 0.09583333333333334
1 0.40234375 0.5798611111111112 0.0375 0.10138888888888889
1 0.8 0.39861111111111114 0.028125 0.09166666666666666
1 0.071484375 0.6236111111111111 0.03515625 0.11666666666666667
1 0.076171875 0.49444444444444446 0.03046875 0.09166666666666666
1 0.457421875 0.42777777777777776 0.02734375 0.08055555555555556
1 0.30625 0.36944444444444446 0.0296875 0.07222222222222222
1 0.29375 0.5298611111111111 0.040625 0.10694444444444444
1 0.4578125 0.6625 0.03125 0.1111111111111111
1 0.40859375 0.4513888888888889 0.0328125 0.09444444444444444
1 0.54921875 0.6888888888888889 0.0171875 0.030555555555555555
1 0.251171875 0.3506944444444444 0.02890625 0.09583333333333334
1 0.167578125 0.35347222222222224 0.03203125 0.07916666666666666
1 0.337890625 0.48194444444444445 0.02734375 0.09722222222222222
1 0.692578125 0.47708333333333336 0.01796875 0.029166666666666667
1 0.300390625 0.4361111111111111 0.02890625 0.09166666666666666
1 0.258203125 0.3840277777777778 0.01640625 0.02638888888888889