1 0.49947916666666664 0.5606481481481481 0.9947916666666666 0.8675925925925926
1 0.36875 0.6958333333333333 0.040625 0.15462962962962962
1 0.46484375 0.3902777777777778 0.04739583333333333 0.11574074074074074
1 0.7880208333333333 0.49074074074074076 0.041666666666666664 0.12777777777777777
1 0.3736979166666667 0.48657407407407405 0.033854166666666664 0.13425925925925927
1 0.7145833333333333 0.3314814814814815 0.028125 0.10740740740740741
1 0.85859375 0.5162037037037037 0.03697916666666667 0.14722222222222223
1 0.5953125 0.45185185185185184 0.03229166666666667 0.12037037037037036
1 0.34375 0.43657407407407406 0.06354166666666666 0.05462962962962963
1 0.31276041666666665 0.3541666666666667 0.05260416666666667 0.12685185185185185
1 0.6432291666666666 0.3851851851851852 0.0375 0.13148148148148148
1 0.6041666666666666 0.37407407407407406 0.016666666666666666 0.03333333333333333
1 0.6015625 0.4962962962962963 0.01875 0.03148148148148148
1 0.56875 0.3458333333333333 0.029166666666666667 0.10833333333333334
1 0.7135416666666666 0.36666666666666664 0.016666666666666666 0.03333333333333333
0 0.6041666666666666 0.3726851851851852 0.008333333333333333 0.017592592592592594