1 0.49921875 0.6356481481481482 0.9953125 0.7194444444444444
1 0.371875 0.625 0.016666666666666666 0.03148148148148148
1 0.38645833333333335 0.6194444444444445 0.04583333333333333 0.11296296296296296
1 0.7255208333333333 0.6837962962962963 0.058333333333333334 0.11944444444444445
1 0.4315104166666667 0.6203703703703703 0.04010416666666667 0.11666666666666667
1 0.6122395833333333 0.7143518518518519 0.0328125 0.13240740740740742
1 0.67578125 0.5703703703703704 0.0296875 0.11851851851851852
1 0.8768229166666667 0.6180555555555556 0.0296875 0.125
1 0.6059895833333333 0.48842592592592593 0.044270833333333336 0.10833333333333334
1 0.2953125 0.48703703703703705 0.034375 0.09814814814814815
1 0.8416666666666667 0.425 0.03854166666666667 0.0962962962962963
1 0.5364583333333334 0.5282407407407408 0.03958333333333333 0.10277777777777777
1 0.5903645833333333 0.6324074074074074 0.033854166666666664 0.11851851851851852
1 0.4979166666666667 0.5953703703703703 0.041666666666666664 0.10185185185185185
1 0.47369791666666666 0.549537037037037 0.0453125 0.10648148148148148
0 0.371875 0.6226851851851852 0.008333333333333333 0.01574074074074074