1 0.49973958333333335 0.7087962962962963 0.9953125 0.5731481481481482
1 0.61171875 0.5962962962962963 0.015104166666666667 0.025925925925925925
1 0.8518229166666667 0.6578703703703703 0.03802083333333333 0.1175925925925926
1 0.24557291666666667 0.5935185185185186 0.0328125 0.08518518518518518
1 0.8057291666666667 0.5805555555555556 0.042708333333333334 0.10185185185185185
1 0.53828125 0.6541666666666667 0.03177083333333333 0.10092592592592593
1 0.6096354166666667 0.6449074074074074 0.043229166666666666 0.10462962962962963
1 0.6966145833333334 0.6333333333333333 0.03697916666666667 0.10925925925925926
1 0.6466145833333333 0.5444444444444444 0.027604166666666666 0.08148148148148149
1 0.6518229166666667 0.5736111111111111 0.019270833333333334 0.032407407407407406
1 0.6755208333333333 0.5930555555555556 0.03229166666666667 0.08611111111111111
1 0.6455729166666667 0.6305555555555555 0.044270833333333336 0.07962962962962963
0 0.6114583333333333 0.5944444444444444 0.007291666666666667 0.012962962962962963