1 0.6989583333333333 0.4009259259259259 0.01875 0.03148148148148148
1 0.6924479166666667 0.4462962962962963 0.0703125 0.11666666666666667
1 0.24479166666666666 0.4273148148148148 0.052083333333333336 0.11574074074074074
1 0.478125 0.3814814814814815 0.053125 0.11481481481481481
1 0.49921875 0.5726851851851852 0.9942708333333333 0.8435185185185186
1 0.10807291666666667 0.7486111111111111 0.04739583333333333 0.16203703703703703
1 0.5833333333333334 0.5087962962962963 0.075 0.1361111111111111
1 0.41510416666666666 0.36944444444444446 0.03958333333333333 0.1111111111111111
1 0.8979166666666667 0.44351851851851853 0.029166666666666667 0.03333333333333333
1 0.08984375 0.6074074074074074 0.034895833333333334 0.12962962962962962
1 0.07369791666666667 0.4898148148148148 0.04114583333333333 0.13703703703703704
1 0.036458333333333336 0.5726851851851852 0.036458333333333336 0.1287037037037037
1 0.7111979166666667 0.4875 0.019270833333333334 0.03425925925925926
1 0.6270833333333333 0.5143518518518518 0.05416666666666667 0.11944444444444445
0 0.6984375 0.39861111111111114 0.011458333333333333 0.017592592592592594