1 0.49973958333333335 0.6675925925925926 0.9953125 0.6537037037037037
1 0.83203125 0.5199074074074074 0.043229166666666666 0.15833333333333333
1 0.5984375 0.799537037037037 0.07291666666666667 0.175
1 0.14505208333333333 0.6837962962962963 0.058854166666666666 0.175
1 0.5963541666666666 0.7041666666666667 0.058333333333333334 0.1935185185185185
1 0.22421875 0.6074074074074074 0.04635416666666667 0.17222222222222222
1 0.47630208333333335 0.6097222222222223 0.04635416666666667 0.1675925925925926
1 0.925 0.6560185185185186 0.041666666666666664 0.1935185185185185
1 0.6270833333333333 0.5388888888888889 0.04791666666666667 0.1648148148148148
1 0.46067708333333335 0.5300925925925926 0.050520833333333334 0.16944444444444445
1 0.7677083333333333 0.4222222222222222 0.03229166666666667 0.12962962962962962
1 0.46197916666666666 0.6037037037037037 0.017708333333333333 0.02962962962962963
1 0.020052083333333335 0.6902777777777778 0.03802083333333333 0.17685185185185184
1 0.6174479166666667 0.6828703703703703 0.016145833333333335 0.030555555555555555
1 0.6419270833333334 0.44907407407407407 0.0390625 0.1425925925925926
1 0.12838541666666667 0.5828703703703704 0.04739583333333333 0.14907407407407408
1 0.10052083333333334 0.5273148148148148 0.05 0.16018518518518518
1 0.40963541666666664 0.4212962962962963 0.034895833333333334 0.07962962962962963
0 0.47682291666666665 0.399537037037037 0.022395833333333334 0.062037037037037036
0 0.8989583333333333 0.3148148148148148 0.027083333333333334 0.05185185185185185