1 0.49947916666666664 0.5976851851851852 0.9947916666666666 0.7935185185185185
1 0.63359375 0.48055555555555557 0.0296875 0.03518518518518519
1 0.21380208333333334 0.7648148148148148 0.0609375 0.22592592592592592
1 0.39036458333333335 0.600925925925926 0.06822916666666666 0.17962962962962964
1 0.34661458333333334 0.44027777777777777 0.0546875 0.14722222222222223
1 0.15442708333333333 0.5361111111111111 0.050520833333333334 0.17037037037037037
1 0.6986979166666667 0.39814814814814814 0.09010416666666667 0.11666666666666667
1 0.27005208333333336 0.5467592592592593 0.07447916666666667 0.19166666666666668
1 0.32734375 0.4527777777777778 0.016145833333333335 0.03148148148148148
1 0.40260416666666665 0.625 0.027083333333333334 0.03518518518518519
1 0.023958333333333335 0.42083333333333334 0.04583333333333333 0.12314814814814815
1 0.27421875 0.5939814814814814 0.018229166666666668 0.03425925925925926
1 0.134375 0.5 0.057291666666666664 0.15
0 0.63359375 0.4773148148148148 0.022395833333333334 0.019444444444444445