1 0.49921875 0.5699074074074074 0.9942708333333333 0.8472222222222222
1 0.43802083333333336 0.5467592592592593 0.034375 0.12314814814814815
1 0.490625 0.7245370370370371 0.034375 0.14537037037037037
1 0.6432291666666666 0.425462962962963 0.029166666666666667 0.10277777777777777
1 0.44765625 0.5833333333333334 0.016145833333333335 0.02962962962962963
1 0.36953125 0.31342592592592594 0.024479166666666666 0.08796296296296297
1 0.7924479166666667 0.39305555555555555 0.0265625 0.08611111111111111
1 0.2109375 0.3449074074074074 0.027083333333333334 0.09166666666666666
1 0.6135416666666667 0.31666666666666665 0.028125 0.0962962962962963
1 0.07083333333333333 0.3013888888888889 0.03333333333333333 0.08425925925925926
1 0.44192708333333336 0.29074074074074074 0.0234375 0.08333333333333333
1 0.234375 0.41759259259259257 0.026041666666666668 0.1037037037037037
1 0.7171875 0.3425925925925926 0.025 0.1
1 0.5614583333333333 0.29259259259259257 0.027083333333333334 0.08333333333333333
1 0.42578125 0.40555555555555556 0.027604166666666666 0.10185185185185185
1 0.7692708333333333 0.3800925925925926 0.029166666666666667 0.09907407407407408
1 0.47421875 0.2601851851851852 0.024479166666666666 0.07592592592592592
0 0.7825520833333334 0.22685185185185186 0.015104166666666667 0.022222222222222223