1 0.5046875 0.6324074074074074 0.016666666666666666 0.02962962962962963
1 0.49921875 0.6375 0.9942708333333333 0.7138888888888889
1 0.49557291666666664 0.5990740740740741 0.034895833333333334 0.12407407407407407
1 0.35130208333333335 0.6319444444444444 0.0359375 0.11944444444444445
1 0.9651041666666667 0.4486111111111111 0.04479166666666667 0.10092592592592593
1 0.30390625 0.5712962962962963 0.0328125 0.11296296296296296
1 0.6307291666666667 0.5416666666666666 0.03854166666666667 0.1111111111111111
1 0.7080729166666667 0.5430555555555555 0.03177083333333333 0.12314814814814815
1 0.6614583333333334 0.5717592592592593 0.03125 0.1175925925925926
1 0.61328125 0.6268518518518519 0.04010416666666667 0.11296296296296296
1 0.87734375 0.425462962962963 0.028645833333333332 0.10092592592592593
1 0.23229166666666667 0.5722222222222222 0.030208333333333334 0.11666666666666667
1 0.39348958333333334 0.5462962962962963 0.0296875 0.12037037037037036
1 0.2794270833333333 0.5476851851851852 0.027604166666666666 0.11018518518518519
1 0.03463541666666667 0.4638888888888889 0.03177083333333333 0.1111111111111111
1 0.34479166666666666 0.5319444444444444 0.027083333333333334 0.11574074074074074
0 0.5044270833333333 0.6300925925925925 0.008854166666666666 0.013888888888888888