1 0.49921875 0.5564814814814815 0.9942708333333333 0.8759259259259259
1 0.2989583333333333 0.6912037037037037 0.017708333333333333 0.032407407407407406
1 0.5645833333333333 0.6314814814814815 0.05416666666666667 0.11481481481481481
1 0.8411458333333334 0.7185185185185186 0.040625 0.12962962962962962
1 0.35 0.6675925925925926 0.04791666666666667 0.11296296296296296
1 0.6770833333333334 0.49074074074074076 0.04791666666666667 0.1
1 0.4700520833333333 0.3148148148148148 0.0359375 0.08888888888888889
1 0.9455729166666667 0.6666666666666666 0.043229166666666666 0.13518518518518519
1 0.47760416666666666 0.5763888888888888 0.042708333333333334 0.12314814814814815
1 0.33229166666666665 0.41712962962962963 0.03229166666666667 0.10648148148148148
1 0.6401041666666667 0.42824074074074076 0.03854166666666667 0.09351851851851851
1 0.9653645833333333 0.3763888888888889 0.0265625 0.09722222222222222
1 0.27395833333333336 0.4986111111111111 0.036458333333333336 0.11574074074074074
1 0.6432291666666666 0.31203703703703706 0.030208333333333334 0.09259259259259259
1 0.2994791666666667 0.6916666666666667 0.029166666666666667 0.05
0 0.2986979166666667 0.6893518518518519 0.009895833333333333 0.017592592592592594