1 0.5247395833333334 0.6273148148148148 0.018229166666666668 0.030555555555555555
1 0.49947916666666664 0.638425925925926 0.9947916666666666 0.712037037037037
1 0.35104166666666664 0.637962962962963 0.057291666666666664 0.11851851851851852
1 0.5151041666666667 0.6060185185185185 0.03958333333333333 0.11944444444444445
1 0.6552083333333333 0.5458333333333333 0.034375 0.11203703703703703
1 0.42291666666666666 0.5550925925925926 0.03229166666666667 0.12129629629629629
1 0.2604166666666667 0.5787037037037037 0.03125 0.11666666666666667
1 0.325 0.5745370370370371 0.03229166666666667 0.11574074074074074
1 0.06015625 0.4671296296296296 0.0296875 0.11388888888888889
1 0.9177083333333333 0.43287037037037035 0.034375 0.10277777777777777
1 0.69296875 0.6087962962962963 0.043229166666666666 0.175
1 0.7348958333333333 0.5509259259259259 0.041666666666666664 0.12407407407407407
1 0.6489583333333333 0.5805555555555556 0.019791666666666666 0.040740740740740744
1 0.3697916666666667 0.5412037037037037 0.034375 0.12129629629629629
0 0.5244791666666667 0.625 0.009375 0.014814814814814815