1 0.49947916666666664 0.6328703703703704 0.9947916666666666 0.7083333333333334
1 0.31927083333333334 0.45740740740740743 0.03125 0.09259259259259259
1 0.46484375 0.5337962962962963 0.03177083333333333 0.11018518518518519
1 0.8434895833333333 0.5555555555555556 0.03802083333333333 0.10555555555555556
1 0.12708333333333333 0.4949074074074074 0.030208333333333334 0.10833333333333334
1 0.76171875 0.5222222222222223 0.0265625 0.0962962962962963
1 0.4505208333333333 0.43194444444444446 0.027083333333333334 0.08796296296296297
1 0.06901041666666667 0.4888888888888889 0.0453125 0.09814814814814815
1 0.4041666666666667 0.425 0.03854166666666667 0.08148148148148149
1 0.5286458333333334 0.5138888888888888 0.03125 0.10740740740740741
1 0.8515625 0.5814814814814815 0.017708333333333333 0.03148148148148148
1 0.030989583333333334 0.6013888888888889 0.04635416666666667 0.12129629629629629
1 0.49765625 0.43796296296296294 0.0328125 0.08703703703703704
1 0.1953125 0.38935185185185184 0.026041666666666668 0.08796296296296297
1 0.5981770833333333 0.38472222222222224 0.03697916666666667 0.08425925925925926
1 0.01484375 0.6453703703703704 0.015104166666666667 0.03148148148148148
1 0.48880208333333336 0.4587962962962963 0.016145833333333335 0.030555555555555555