1 0.4432291666666667 0.38472222222222224 0.013541666666666667 0.025
1 0.7104166666666667 0.6717592592592593 0.03229166666666667 0.11574074074074074
1 0.46015625 0.5087962962962963 0.0359375 0.10092592592592593
1 0.60625 0.30185185185185187 0.035416666666666666 0.07777777777777778
1 0.39479166666666665 0.4486111111111111 0.030208333333333334 0.08796296296296297
1 0.66875 0.4587962962962963 0.025 0.09907407407407408
1 0.1984375 0.9226851851851852 0.042708333333333334 0.14351851851851852
1 0.9375 0.587037037037037 0.03333333333333333 0.10925925925925926
1 0.4671875 0.3773148148148148 0.040625 0.0787037037037037
1 0.35182291666666665 0.2796296296296296 0.0296875 0.06851851851851852
1 0.40286458333333336 0.4648148148148148 0.015104166666666667 0.025925925925925925
1 0.8854166666666666 0.3398148148148148 0.023958333333333335 0.08518518518518518
1 0.48125 0.39305555555555555 0.015625 0.025
1 0.48359375 0.3527777777777778 0.018229166666666668 0.024074074074074074
1 0.70859375 0.3060185185185185 0.024479166666666666 0.07685185185185185
1 0.7403645833333333 0.3837962962962963 0.03177083333333333 0.08611111111111111
0 0.4427083333333333 0.38287037037037036 0.00625 0.012037037037037037
1 0.8585052083333333 0.22839814814814813 0.022567708333333294 0.06789814814814814
1 0.8098958333333334 0.2793240740740741 0.022567708333333294 0.052472222222222184