1 0.49947916666666664 0.5319444444444444 0.9947916666666666 0.9268518518518518
1 0.4552083333333333 0.5828703703703704 0.0375 0.15648148148148147
1 0.78359375 0.46805555555555556 0.0359375 0.12314814814814815
1 0.26588541666666665 0.4583333333333333 0.018229166666666668 0.03148148148148148
1 0.27317708333333335 0.41712962962962963 0.030729166666666665 0.11203703703703703
1 0.71015625 0.44027777777777777 0.03177083333333333 0.13425925925925927
1 0.3515625 0.40370370370370373 0.051041666666666666 0.1111111111111111
1 0.8635416666666667 0.44907407407407407 0.0375 0.11666666666666667
1 0.49296875 0.3458333333333333 0.04010416666666667 0.125
1 0.6036458333333333 0.2972222222222222 0.03333333333333333 0.1259259259259259
1 0.45677083333333335 0.6407407407407407 0.016666666666666666 0.037037037037037035
1 0.04895833333333333 0.8490740740740741 0.040625 0.18518518518518517
1 0.4471354166666667 0.6356481481481482 0.0171875 0.032407407407407406
1 0.7984375 0.32685185185185184 0.036458333333333336 0.12777777777777777
1 0.7419270833333333 0.2675925925925926 0.033854166666666664 0.12222222222222222
1 0.8510416666666667 0.35833333333333334 0.03125 0.12222222222222222
1 0.3768229166666667 0.37916666666666665 0.03802083333333333 0.1175925925925926
0 0.265625 0.4564814814814815 0.009375 0.016666666666666666