1 0.49947916666666664 0.6171296296296296 0.9947916666666666 0.7564814814814815
1 0.36328125 0.6203703703703703 0.034895833333333334 0.1425925925925926
1 0.8932291666666666 0.46620370370370373 0.040625 0.1175925925925926
1 0.6986979166666667 0.5685185185185185 0.04114583333333333 0.12407407407407407
1 0.9403645833333333 0.6486111111111111 0.0390625 0.14537037037037037
1 0.7174479166666666 0.41805555555555557 0.03697916666666667 0.09537037037037037
1 0.88046875 0.5087962962962963 0.016145833333333335 0.030555555555555555
1 0.047135416666666666 0.28425925925925927 0.024479166666666666 0.09814814814814815
1 0.3927083333333333 0.2675925925925926 0.03229166666666667 0.0962962962962963
1 0.9361979166666666 0.7032407407407407 0.018229166666666668 0.03611111111111111
1 0.4270833333333333 0.2722222222222222 0.029166666666666667 0.0962962962962963
1 0.7447916666666666 0.3023148148148148 0.04895833333333333 0.0824074074074074
1 0.4890625 0.26666666666666666 0.040625 0.07777777777777778
1 0.171875 0.3523148148148148 0.03333333333333333 0.10462962962962963
1 0.6552083333333333 0.3625 0.029166666666666667 0.09722222222222222
1 0.5674479166666667 0.2439814814814815 0.03697916666666667 0.075
1 0.67421875 0.28564814814814815 0.034895833333333334 0.09351851851851851
1 0.14817708333333332 0.35324074074074074 0.033854166666666664 0.10462962962962963