1 0.49947916666666664 0.637962962962963 0.9947916666666666 0.7148148148148148
1 0.44765625 0.6324074074074074 0.043229166666666666 0.08333333333333333
1 0.7802083333333333 0.7476851851851852 0.035416666666666666 0.09166666666666666
1 0.6216145833333333 0.6592592592592592 0.0296875 0.09259259259259259
1 0.7255208333333333 0.4935185185185185 0.03333333333333333 0.07407407407407407
1 0.5739583333333333 0.7625 0.030208333333333334 0.11388888888888889
1 0.8213541666666667 0.7361111111111112 0.03229166666666667 0.1037037037037037
1 0.5065104166666666 0.6064814814814815 0.0421875 0.08703703703703704
1 0.7380208333333333 0.6671296296296296 0.017708333333333333 0.030555555555555555
1 0.6703125 0.7532407407407408 0.028125 0.11388888888888889
1 0.24921875 0.8847222222222222 0.034895833333333334 0.10833333333333334
1 0.9653645833333333 0.9439814814814815 0.04114583333333333 0.10462962962962963
1 0.6091145833333333 0.9425925925925925 0.03802083333333333 0.10925925925925926
1 0.5200520833333333 0.6069444444444444 0.0171875 0.028703703703703703
1 0.5765625 0.6 0.023958333333333335 0.03148148148148148
1 0.909375 0.9032407407407408 0.035416666666666666 0.11944444444444445