1 0.5940104166666667 0.49675925925925923 0.06822916666666666 0.08981481481481482
1 0.37994791666666666 0.5560185185185185 0.0703125 0.1638888888888889
1 0.5703125 0.5263888888888889 0.021875 0.030555555555555555
1 0.49895833333333334 0.49953703703703706 0.9927083333333333 0.9879629629629629
1 0.5481770833333334 0.29305555555555557 0.06614583333333333 0.15462962962962962
1 0.4231770833333333 0.3055555555555556 0.0546875 0.14074074074074075
1 0.14296875 0.29907407407407405 0.07864583333333333 0.16296296296296298
1 0.43255208333333334 0.5439814814814815 0.06197916666666667 0.18611111111111112
1 0.603125 0.5092592592592593 0.030208333333333334 0.03518518518518519
1 0.5229166666666667 0.34120370370370373 0.019791666666666666 0.03981481481481482
1 0.8572916666666667 0.2796296296296296 0.190625 0.3611111111111111
1 0.6104166666666667 0.5064814814814815 0.01875 0.03333333333333333