1 0.76875 0.3921296296296296 0.015625 0.028703703703703703
1 0.49947916666666664 0.637962962962963 0.9947916666666666 0.7129629629629629
1 0.3341145833333333 0.8402777777777778 0.044270833333333336 0.1935185185185185
1 0.5265625 0.5537037037037037 0.03333333333333333 0.1388888888888889
1 0.8997395833333334 0.7263888888888889 0.043229166666666666 0.18425925925925926
1 0.7200520833333334 0.3541666666666667 0.043229166666666666 0.09907407407407408
1 0.68671875 0.4601851851851852 0.04114583333333333 0.12777777777777777
1 0.25442708333333336 0.45555555555555555 0.04739583333333333 0.11481481481481481
1 0.13776041666666666 0.6175925925925926 0.0359375 0.14444444444444443
1 0.2994791666666667 0.4449074074074074 0.029166666666666667 0.1287037037037037
1 0.5716145833333334 0.41203703703703703 0.0328125 0.11666666666666667
1 0.46770833333333334 0.38657407407407407 0.027083333333333334 0.11203703703703703
1 0.3299479166666667 0.4273148148148148 0.03697916666666667 0.12129629629629629
1 0.7953125 0.36712962962962964 0.030208333333333334 0.09722222222222222
1 0.16901041666666666 0.4527777777777778 0.034895833333333334 0.12777777777777777
0 0.7684895833333333 0.38981481481481484 0.0078125 0.012962962962962963