1 0.49947916666666664 0.5962962962962963 0.9947916666666666 0.7962962962962963
1 0.5674479166666667 0.5111111111111111 0.016145833333333335 0.02962962962962963
1 0.15729166666666666 0.7439814814814815 0.04583333333333333 0.14166666666666666
1 0.49713541666666666 0.5412037037037037 0.044270833333333336 0.11203703703703703
1 0.2838541666666667 0.6300925925925925 0.040625 0.1287037037037037
1 0.24036458333333333 0.7199074074074074 0.04635416666666667 0.1398148148148148
1 0.5682291666666667 0.7643518518518518 0.036458333333333336 0.15092592592592594
1 0.41432291666666665 0.487962962962963 0.0296875 0.09444444444444444
1 0.71328125 0.6129629629629629 0.03177083333333333 0.13333333333333333
1 0.8596354166666667 0.45787037037037037 0.0359375 0.10648148148148148
1 0.5106770833333333 0.42083333333333334 0.0453125 0.09166666666666666
1 0.9239583333333333 0.6259259259259259 0.034375 0.1425925925925926
1 0.8552083333333333 0.6282407407407408 0.0375 0.12129629629629629
1 0.7502604166666667 0.42962962962962964 0.04114583333333333 0.08888888888888889
1 0.39609375 0.5898148148148148 0.034895833333333334 0.12777777777777777
1 0.14296875 0.7962962962962963 0.016145833333333335 0.03518518518518519
1 0.865625 0.3388888888888889 0.030208333333333334 0.09259259259259259
1 0.7260416666666667 0.35185185185185186 0.034375 0.09074074074074075
1 0.59140625 0.43657407407407406 0.03697916666666667 0.09907407407407408
1 0.5682291666666667 0.5120370370370371 0.029166666666666667 0.05185185185185185
0 0.5671875 0.5092592592592593 0.008333333333333333 0.014814814814814815