1 0.49947916666666664 0.700925925925926 0.9947916666666666 0.5888888888888889
1 0.5338541666666666 0.5935185185185186 0.034375 0.09074074074074075
1 0.12708333333333333 0.7560185185185185 0.036458333333333336 0.11388888888888889
1 0.4200520833333333 0.5782407407407407 0.033854166666666664 0.10462962962962963
1 0.23828125 0.6939814814814815 0.0328125 0.11018518518518519
1 0.8432291666666667 0.6106481481481482 0.028125 0.10462962962962963
1 0.90625 0.55 0.035416666666666666 0.0962962962962963
1 0.9263020833333333 0.687037037037037 0.0359375 0.11296296296296296
1 0.30885416666666665 0.6648148148148149 0.029166666666666667 0.10925925925925926
1 0.38723958333333336 0.6092592592592593 0.030729166666666665 0.1
1 0.64375 0.6587962962962963 0.029166666666666667 0.10833333333333334
1 0.7015625 0.5921296296296297 0.026041666666666668 0.10833333333333334
1 0.7380208333333333 0.5351851851851852 0.028125 0.09074074074074075
1 0.6953125 0.4962962962962963 0.026041666666666668 0.08703703703703704
1 0.2877604166666667 0.6532407407407408 0.0359375 0.10277777777777777
1 0.05703125 0.5717592592592593 0.0234375 0.10462962962962963
1 0.5658854166666667 0.500462962962963 0.0328125 0.10648148148148148
0 0.66171875 0.4166666666666667 0.013020833333333334 0.020370370370370372