1 0.49921875 0.5504629629629629 0.9942708333333333 0.887962962962963
1 0.19791666666666666 0.662962962962963 0.05625 0.12777777777777777
1 0.6369791666666667 0.43287037037037035 0.036458333333333336 0.12685185185185185
1 0.5455729166666666 0.46111111111111114 0.034895833333333334 0.13333333333333333
1 0.3026041666666667 0.5407407407407407 0.04479166666666667 0.1259259259259259
1 0.45677083333333335 0.45740740740740743 0.03958333333333333 0.1388888888888889
1 0.84296875 0.5435185185185185 0.050520833333333334 0.12962962962962962
1 0.96015625 0.7773148148148148 0.0546875 0.1638888888888889
1 0.81328125 0.4935185185185185 0.04114583333333333 0.1685185185185185
1 0.721875 0.2916666666666667 0.028125 0.11666666666666667
1 0.9518229166666666 0.47824074074074074 0.04114583333333333 0.1361111111111111
1 0.6442708333333333 0.34444444444444444 0.03125 0.10555555555555556
1 0.44427083333333334 0.3435185185185185 0.03333333333333333 0.12962962962962962
1 0.35442708333333334 0.3638888888888889 0.030729166666666665 0.1388888888888889
1 0.47942708333333334 0.3148148148148148 0.030729166666666665 0.11666666666666667