1 0.49947916666666664 0.6328703703703704 0.9947916666666666 0.725
1 0.7028645833333333 0.5277777777777778 0.05364583333333333 0.06111111111111111
1 0.7596354166666667 0.5300925925925926 0.018229166666666668 0.030555555555555555
1 0.7708333333333334 0.7569444444444444 0.0375 0.11203703703703703
1 0.6591145833333333 0.7861111111111111 0.03697916666666667 0.12962962962962962
1 0.721875 0.7287037037037037 0.016666666666666666 0.027777777777777776
1 0.5278645833333333 0.8393518518518519 0.0328125 0.1287037037037037
1 0.5786458333333333 0.6754629629629629 0.035416666666666666 0.10648148148148148
1 0.4283854166666667 0.6782407407407407 0.043229166666666666 0.10092592592592593
1 0.83359375 0.7546296296296297 0.034895833333333334 0.12777777777777777
1 0.45390625 0.6407407407407407 0.04739583333333333 0.06296296296296296
1 0.6471354166666666 0.774074074074074 0.015104166666666667 0.025925925925925925
1 0.9135416666666667 0.9472222222222222 0.040625 0.09814814814814815
1 0.44192708333333336 0.6694444444444444 0.07239583333333334 0.12407407407407407
1 0.76640625 0.4444444444444444 0.2078125 0.17962962962962964
1 0.76015625 0.5310185185185186 0.0265625 0.04351851851851852
0 0.7591145833333334 0.5273148148148148 0.009895833333333333 0.012037037037037037