1 0.49973958333333335 0.7171296296296297 0.9953125 0.5583333333333333
1 0.6411458333333333 0.6129629629629629 0.020833333333333332 0.040740740740740744
1 0.6802083333333333 0.5273148148148148 0.10833333333333334 0.25277777777777777
1 0.7690104166666667 0.49537037037037035 0.021354166666666667 0.027777777777777776
1 0.8046875 0.4912037037037037 0.016666666666666666 0.026851851851851852
1 0.76875 0.4675925925925926 0.030208333333333334 0.08148148148148149
1 0.31197916666666664 0.4601851851851852 0.03333333333333333 0.1037037037037037
1 0.7177083333333333 0.6337962962962963 0.03333333333333333 0.03981481481481482
1 0.7869791666666667 0.462037037037037 0.065625 0.0962962962962963
1 0.7697916666666667 0.4685185185185185 0.023958333333333335 0.02962962962962963
1 0.7932291666666667 0.8194444444444444 0.015625 0.027777777777777776
1 0.5333333333333333 0.4513888888888889 0.023958333333333335 0.05648148148148148
1 0.340625 0.4583333333333333 0.028125 0.08888888888888889
1 0.4890625 0.4564814814814815 0.025 0.07407407407407407