1 0.49921875 0.5412037037037037 0.9942708333333333 0.9064814814814814
1 0.2625 0.5532407407407407 0.0375 0.1175925925925926
1 0.17447916666666666 0.5773148148148148 0.03333333333333333 0.1361111111111111
1 0.5 0.5935185185185186 0.03958333333333333 0.13518518518518519
1 0.6278645833333333 0.36712962962962964 0.044270833333333336 0.09166666666666666
1 0.8651041666666667 0.8935185185185185 0.03229166666666667 0.15555555555555556
1 0.34348958333333335 0.3972222222222222 0.044270833333333336 0.12037037037037036
1 0.14713541666666666 0.3990740740740741 0.033854166666666664 0.1111111111111111
1 0.42109375 0.5138888888888888 0.0453125 0.10925925925925926
1 0.4434895833333333 0.5078703703703704 0.0203125 0.03611111111111111
1 0.2794270833333333 0.34120370370370373 0.0359375 0.11018518518518519
1 0.39166666666666666 0.45092592592592595 0.04791666666666667 0.10925925925925926
1 0.28072916666666664 0.44907407407407407 0.028125 0.12037037037037036
1 0.02265625 0.48842592592592593 0.03802083333333333 0.10833333333333334
1 0.24427083333333333 0.4074074074074074 0.029166666666666667 0.1259259259259259
1 0.15520833333333334 0.30092592592592593 0.03333333333333333 0.10740740740740741
1 0.24348958333333334 0.3296296296296296 0.033854166666666664 0.10925925925925926
1 0.4778645833333333 0.4564814814814815 0.030729166666666665 0.11481481481481481
1 0.6875 0.3013888888888889 0.196875 0.225
0 0.44296875 0.5055555555555555 0.011979166666666667 0.020370370370370372