1 0.49921875 0.5055555555555555 0.9932291666666667 0.9777777777777777
1 0.5604166666666667 0.6435185185185185 0.041666666666666664 0.14074074074074075
1 0.6111979166666667 0.5138888888888888 0.0359375 0.13333333333333333
1 0.6401041666666667 0.7671296296296296 0.0375 0.1527777777777778
1 0.26458333333333334 0.5305555555555556 0.034375 0.1425925925925926
1 0.17369791666666667 0.2740740740740741 0.0359375 0.11851851851851852
1 0.37005208333333334 0.5560185185185185 0.04010416666666667 0.1398148148148148
1 0.14322916666666666 0.6736111111111112 0.041666666666666664 0.15648148148148147
1 0.8684895833333334 0.39490740740740743 0.0390625 0.12129629629629629
1 0.32526041666666666 0.35694444444444445 0.0453125 0.10462962962962963
1 0.5104166666666666 0.42685185185185187 0.03229166666666667 0.037037037037037035
1 0.5971354166666667 0.49444444444444446 0.0203125 0.027777777777777776
1 0.640625 0.8050925925925926 0.016666666666666666 0.03981481481481482