1 0.49973958333333335 0.6847222222222222 0.9953125 0.6212962962962963
1 0.5286458333333334 0.5162037037037037 0.015625 0.028703703703703703
1 0.8856770833333333 0.6462962962962963 0.03697916666666667 0.11851851851851852
1 0.49635416666666665 0.6462962962962963 0.035416666666666666 0.10740740740740741
1 0.5934895833333333 0.6023148148148149 0.0390625 0.1175925925925926
1 0.40182291666666664 0.6111111111111112 0.04010416666666667 0.10925925925925926
1 0.46953125 0.5523148148148148 0.0390625 0.11018518518518519
1 0.62890625 0.4564814814814815 0.033854166666666664 0.09444444444444444
1 0.3533854166666667 0.5486111111111112 0.0328125 0.09537037037037037
1 0.7765625 0.5458333333333333 0.035416666666666666 0.10092592592592593
1 0.09557291666666666 0.6388888888888888 0.022395833333333334 0.027777777777777776
1 0.8028645833333333 0.5259259259259259 0.0390625 0.10555555555555556
1 0.5479166666666667 0.48148148148148145 0.03854166666666667 0.09074074074074075
1 0.7682291666666666 0.38657407407407407 0.03854166666666667 0.0824074074074074
1 0.6020833333333333 0.562037037037037 0.029166666666666667 0.10555555555555556
0 0.528125 0.5138888888888888 0.00625 0.012962962962962963