1 0.49921875 0.5393518518518519 0.9932291666666667 0.9101851851851852
1 0.45390625 0.46111111111111114 0.04739583333333333 0.09074074074074075
1 0.7794270833333333 0.4847222222222222 0.0421875 0.11203703703703703
1 0.44453125 0.6305555555555555 0.04010416666666667 0.11851851851851852
1 0.13098958333333333 0.29398148148148145 0.0421875 0.09166666666666666
1 0.9041666666666667 0.5810185185185185 0.05 0.11018518518518519
1 0.5640625 0.5324074074074074 0.03854166666666667 0.1037037037037037
1 0.5322916666666667 0.5842592592592593 0.03958333333333333 0.12777777777777777
1 0.2125 0.362962962962963 0.030208333333333334 0.09074074074074075
1 0.171875 0.8726851851851852 0.04895833333333333 0.15462962962962962
1 0.275 0.5606481481481481 0.03229166666666667 0.12314814814814815
1 0.14036458333333332 0.6504629629629629 0.04114583333333333 0.13796296296296295
1 0.1171875 0.3194444444444444 0.015625 0.027777777777777776
1 0.44427083333333334 0.3888888888888889 0.04375 0.10185185185185185
1 0.3203125 0.3578703703703704 0.029166666666666667 0.09907407407407408
1 0.246875 0.49537037037037035 0.028125 0.12222222222222222
1 0.38697916666666665 0.3106481481481482 0.03229166666666667 0.09722222222222222
1 0.1109375 0.5217592592592593 0.030208333333333334 0.1175925925925926
1 0.509375 0.25555555555555554 0.030208333333333334 0.0962962962962963
1 0.038802083333333334 0.2222222222222222 0.0328125 0.08703703703703704
1 0.1421875 0.6597222222222222 0.021875 0.032407407407407406
1 0.9278645833333333 0.8041666666666667 0.06197916666666667 0.08796296296296297
0 0.3736979166666667 0.13287037037037036 0.0203125 0.03796296296296296