1 0.49921875 0.6310185185185185 0.9953125 0.7287037037037037
1 0.7276041666666667 0.5925925925925926 0.065625 0.10555555555555556
1 0.275 0.6166666666666667 0.05 0.1574074074074074
1 0.1734375 0.7972222222222223 0.04791666666666667 0.1537037037037037
1 0.030989583333333334 0.27314814814814814 0.018229166666666668 0.03518518518518519
1 0.13723958333333333 0.7921296296296296 0.04635416666666667 0.16018518518518518
1 0.94921875 0.6347222222222222 0.027604166666666666 0.04351851851851852
1 0.23255208333333333 0.8967592592592593 0.018229166666666668 0.03611111111111111
1 0.24921875 0.8935185185185185 0.019270833333333334 0.02962962962962963
1 0.24609375 0.8166666666666667 0.04739583333333333 0.1962962962962963
1 0.24088541666666666 0.8953703703703704 0.0359375 0.03888888888888889
1 0.23020833333333332 0.7972222222222223 0.05416666666666667 0.16666666666666666
0 0.030208333333333334 0.2675925925925926 0.009375 0.014814814814814815