1 0.49947916666666664 0.663425925925926 0.9947916666666666 0.6620370370370371
1 0.5375 0.5814814814814815 0.19479166666666667 0.7074074074074074
1 0.6098958333333333 0.8407407407407408 0.0375 0.07407407407407407
1 0.4630208333333333 0.899537037037037 0.035416666666666666 0.06574074074074074
1 0.25729166666666664 0.34444444444444444 0.035416666666666666 0.08703703703703704
1 0.44427083333333334 0.7462962962962963 0.042708333333333334 0.05555555555555555
1 0.5697916666666667 0.8949074074074074 0.06041666666666667 0.05648148148148148
1 0.584375 0.8625 0.08958333333333333 0.1175925925925926
1 0.8872395833333333 0.8527777777777777 0.03177083333333333 0.03888888888888889
1 0.73671875 0.18055555555555555 0.0953125 0.1259259259259259
1 0.5869791666666667 0.575 0.09479166666666666 0.6925925925925925
1 0.0109375 0.5587962962962963 0.020833333333333332 0.06388888888888888
1 0.7401041666666667 0.25787037037037036 0.10416666666666667 0.2824074074074074