1 0.49921875 0.5777777777777777 0.9942708333333333 0.8314814814814815
1 0.37552083333333336 0.6791666666666667 0.03229166666666667 0.11018518518518519
1 0.6705729166666666 0.36898148148148147 0.025520833333333333 0.0787037037037037
1 0.946875 0.6087962962962963 0.04791666666666667 0.10462962962962963
1 0.14609375 0.5416666666666666 0.0421875 0.1425925925925926
1 0.7846354166666667 0.44212962962962965 0.027604166666666666 0.08055555555555556
1 0.9182291666666667 0.5282407407407408 0.035416666666666666 0.08796296296296297
1 0.7822916666666667 0.20555555555555555 0.021875 0.04259259259259259
1 0.23177083333333334 0.5902777777777778 0.03854166666666667 0.10277777777777777
1 0.3796875 0.45046296296296295 0.040625 0.0824074074074074
1 0.5192708333333333 0.4625 0.030208333333333334 0.08981481481481482
1 0.7947916666666667 0.337037037037037 0.03125 0.06851851851851852
1 0.21744791666666666 0.5009259259259259 0.0328125 0.08148148148148149
1 0.4546875 0.4263888888888889 0.03229166666666667 0.08425925925925926
1 0.36744791666666665 0.6893518518518519 0.015104166666666667 0.03796296296296296
1 0.4114583333333333 0.36944444444444446 0.027083333333333334 0.08333333333333333
1 0.5234375 0.3523148148148148 0.036458333333333336 0.08055555555555556
1 0.20208333333333334 0.2912037037037037 0.030208333333333334 0.06944444444444445
1 0.48385416666666664 0.30972222222222223 0.029166666666666667 0.06944444444444445
1 0.93984375 0.32592592592592595 0.025520833333333333 0.07037037037037037
1 0.35494791666666664 0.45787037037037037 0.0296875 0.08611111111111111
0 0.7817708333333333 0.20324074074074075 0.013541666666666667 0.025
0 0.8471354166666667 0.2101851851851852 0.0140625 0.025925925925925925