1 0.48385416666666664 0.7981481481481482 0.01875 0.03518518518518519
1 0.49921875 0.49953703703703706 0.9932291666666667 0.9898148148148148
1 0.5294270833333333 0.5305555555555556 0.03697916666666667 0.12407407407407407
1 0.88671875 0.24027777777777778 0.03177083333333333 0.08981481481481482
1 0.44817708333333334 0.7967592592592593 0.050520833333333334 0.1527777777777778
1 0.05963541666666667 0.2773148148148148 0.0359375 0.09166666666666666
1 0.39609375 0.22777777777777777 0.030729166666666665 0.09259259259259259
1 0.31328125 0.31527777777777777 0.03177083333333333 0.10833333333333334
1 0.7479166666666667 0.12083333333333333 0.030208333333333334 0.0787037037037037
1 0.5359375 0.5388888888888889 0.016666666666666666 0.03518518518518519
1 0.5455729166666666 0.14583333333333334 0.030729166666666665 0.08425925925925926
1 0.3125 0.11666666666666667 0.026041666666666668 0.08148148148148149
0 0.48359375 0.7958333333333333 0.0109375 0.021296296296296296