1 0.49947916666666664 0.5717592592592593 0.99375 0.8453703703703703
1 0.5158854166666667 0.6504629629629629 0.03802083333333333 0.12314814814814815
1 0.45364583333333336 0.9259259259259259 0.058333333333333334 0.1425925925925926
1 0.2859375 0.5435185185185185 0.04375 0.1037037037037037
1 0.30520833333333336 0.4305555555555556 0.041666666666666664 0.1
1 0.69453125 0.5421296296296296 0.0328125 0.11574074074074074
1 0.5588541666666667 0.3125 0.028125 0.08796296296296297
1 0.40078125 0.35509259259259257 0.034895833333333334 0.08796296296296297
1 0.565625 0.4393518518518518 0.035416666666666666 0.09907407407407408
1 0.34921875 0.5388888888888889 0.0515625 0.09444444444444444
1 0.8432291666666667 0.8782407407407408 0.03854166666666667 0.1527777777777778
1 0.9036458333333334 0.38287037037037036 0.030208333333333334 0.09907407407407408
1 0.6674479166666667 0.3648148148148148 0.0296875 0.08333333333333333
1 0.7231770833333333 0.4148148148148148 0.0390625 0.09444444444444444
1 0.5247395833333334 0.2587962962962963 0.028645833333333332 0.07685185185185185
1 0.41067708333333336 0.3736111111111111 0.016145833333333335 0.025
1 0.36953125 0.3731481481481482 0.0359375 0.08703703703703704
1 0.5575520833333333 0.475462962962963 0.0171875 0.026851851851851852
1 0.7177083333333333 0.22824074074074074 0.027083333333333334 0.06944444444444445
1 0.6528645833333333 0.43287037037037035 0.03802083333333333 0.09722222222222222
1 0.91171875 0.40879629629629627 0.0140625 0.028703703703703703
1 0.5763020833333333 0.4597222222222222 0.016145833333333335 0.026851851851851852
1 0.45364583333333336 0.9703703703703703 0.01875 0.03518518518518519
1 0.7359375 0.4425925925925926 0.015625 0.02962962962962963
1 0.7020833333333333 0.5824074074074074 0.017708333333333333 0.03333333333333333
0 0.675 0.175 0.030208333333333334 0.03518518518518519