1 0.49921875 0.6773148148148148 0.9953125 0.6342592592592593
1 0.22421875 0.5902777777777778 0.059895833333333336 0.1287037037037037
1 0.321875 0.8328703703703704 0.04583333333333333 0.14722222222222223
1 0.39921875 0.6342592592592593 0.0609375 0.1537037037037037
1 0.31953125 0.5319444444444444 0.0234375 0.04351851851851852
1 0.3072916666666667 0.537962962962963 0.04583333333333333 0.10185185185185185
1 0.59609375 0.6328703703703704 0.0328125 0.13425925925925927
1 0.6401041666666667 0.562962962962963 0.035416666666666666 0.0962962962962963
1 0.033854166666666664 0.5898148148148148 0.042708333333333334 0.13148148148148148
1 0.3455729166666667 0.5111111111111111 0.028645833333333332 0.10185185185185185
1 0.4713541666666667 0.5569444444444445 0.0375 0.12685185185185185
1 0.5505208333333333 0.5680555555555555 0.034375 0.11944444444444445
1 0.4328125 0.5657407407407408 0.042708333333333334 0.11481481481481481
1 0.2981770833333333 0.48703703703703705 0.0359375 0.12222222222222222
0 0.31979166666666664 0.5287037037037037 0.015625 0.02962962962962963