1 0.36953125 0.6976851851851852 0.04010416666666667 0.10833333333333334
1 0.49947916666666664 0.7175925925925926 0.9958333333333333 0.5555555555555556
1 0.79296875 0.6875 0.03697916666666667 0.12129629629629629
1 0.4921875 0.6273148148148148 0.03854166666666667 0.09537037037037037
1 0.58515625 0.674537037037037 0.03802083333333333 0.12314814814814815
1 0.478125 0.6240740740740741 0.014583333333333334 0.027777777777777776
1 0.45416666666666666 0.6370370370370371 0.046875 0.05925925925925926
1 0.7390625 0.6069444444444444 0.029166666666666667 0.11388888888888889
1 0.8794270833333333 0.9120370370370371 0.03697916666666667 0.14444444444444443
1 0.540625 0.5703703703703704 0.03229166666666667 0.1
1 0.59140625 0.5810185185185185 0.025520833333333333 0.08981481481481482
1 0.5736979166666667 0.6402777777777777 0.027604166666666666 0.1175925925925926