1 0.49921875 0.5504629629629629 0.9942708333333333 0.887962962962963
1 0.45078125 0.4287037037037037 0.044270833333333336 0.10185185185185185
1 0.45703125 0.5638888888888889 0.03697916666666667 0.13148148148148148
1 0.35989583333333336 0.600462962962963 0.020833333333333332 0.028703703703703703
1 0.334375 0.5504629629629629 0.03958333333333333 0.11388888888888889
1 0.37265625 0.6175925925925926 0.043229166666666666 0.12037037037037036
1 0.5971354166666667 0.4962962962962963 0.028645833333333332 0.08703703703703704
1 0.3768229166666667 0.2791666666666667 0.03802083333333333 0.08425925925925926
1 0.8098958333333334 0.5337962962962963 0.0375 0.08796296296296297
1 0.11354166666666667 0.38935185185185184 0.030208333333333334 0.09722222222222222
1 0.5065104166666666 0.29398148148148145 0.028645833333333332 0.08425925925925926
1 0.5682291666666667 0.3972222222222222 0.027083333333333334 0.09074074074074075
1 0.7854166666666667 0.43842592592592594 0.042708333333333334 0.10092592592592593
1 0.74140625 0.23657407407407408 0.027604166666666666 0.0824074074074074
1 0.5622395833333333 0.28935185185185186 0.024479166666666666 0.08425925925925926
1 0.43463541666666666 0.23472222222222222 0.0265625 0.08611111111111111
1 0.5432291666666667 0.40324074074074073 0.029166666666666667 0.09166666666666666
1 0.346875 0.399537037037037 0.030208333333333334 0.09722222222222222
1 0.3234375 0.2337962962962963 0.025 0.08611111111111111
1 0.3455729166666667 0.5962962962962963 0.018229166666666668 0.025925925925925925
1 0.5971354166666667 0.3388888888888889 0.03177083333333333 0.09814814814814815
0 0.35989583333333336 0.5995370370370371 0.013541666666666667 0.01574074074074074