1 0.49947916666666664 0.6342592592592593 0.9947916666666666 0.7203703703703703
1 0.075 0.4212962962962963 0.06145833333333333 0.1388888888888889
1 0.5208333333333334 0.44814814814814813 0.04583333333333333 0.1388888888888889
1 0.6229166666666667 0.4564814814814815 0.04895833333333333 0.1259259259259259
1 0.6768229166666667 0.45185185185185184 0.0453125 0.12962962962962962
1 0.4796875 0.42592592592592593 0.05 0.06296296296296296
1 0.36875 0.4217592592592593 0.022916666666666665 0.03425925925925926
1 0.6044270833333333 0.46620370370370373 0.0203125 0.028703703703703703
1 0.41015625 0.4217592592592593 0.0484375 0.0824074074074074
1 0.38046875 0.41064814814814815 0.044270833333333336 0.06018518518518518
1 0.5427083333333333 0.43148148148148147 0.014583333333333334 0.024074074074074074