1 0.5 0.6773148148148148 0.9947916666666666 0.6342592592592593
1 0.4630208333333333 0.4842592592592593 0.03229166666666667 0.13703703703703704
1 0.0890625 0.4861111111111111 0.04791666666666667 0.14074074074074075
1 0.8776041666666666 0.46620370370370373 0.0625 0.14166666666666666
1 0.24713541666666666 0.41805555555555557 0.033854166666666664 0.12129629629629629
1 0.6408854166666667 0.5120370370370371 0.043229166666666666 0.15925925925925927
1 0.48671875 0.4060185185185185 0.0390625 0.09722222222222222
1 0.41171875 0.3819444444444444 0.04010416666666667 0.10462962962962963
1 0.55625 0.36944444444444446 0.03229166666666667 0.09074074074074075
1 0.6033854166666667 0.4740740740740741 0.034895833333333334 0.13703703703703704
1 0.6635416666666667 0.5157407407407407 0.035416666666666666 0.1388888888888889
1 0.014583333333333334 0.3925925925925926 0.023958333333333335 0.1111111111111111
1 0.33515625 0.3611111111111111 0.024479166666666666 0.044444444444444446
1 0.46953125 0.5060185185185185 0.016145833333333335 0.03425925925925926