1 0.49947916666666664 0.6185185185185185 0.9947916666666666 0.7518518518518519
1 0.89609375 0.6476851851851851 0.05364583333333333 0.13425925925925927
1 0.6252604166666667 0.31296296296296294 0.016145833333333335 0.027777777777777776
1 0.2981770833333333 0.6217592592592592 0.043229166666666666 0.13055555555555556
1 0.86875 0.45 0.046875 0.1111111111111111
1 0.6802083333333333 0.5625 0.04583333333333333 0.11388888888888889
1 0.09791666666666667 0.36574074074074076 0.04375 0.1111111111111111
1 0.8776041666666666 0.6981481481481482 0.016666666666666666 0.03333333333333333
1 0.37864583333333335 0.2833333333333333 0.030208333333333334 0.09259259259259259
1 0.60546875 0.2773148148148148 0.04010416666666667 0.08796296296296297
1 0.6559895833333333 0.31805555555555554 0.030729166666666665 0.09722222222222222
1 0.70625 0.4064814814814815 0.03958333333333333 0.09074074074074075
1 0.28567708333333336 0.6689814814814815 0.019270833333333334 0.03425925925925926
1 0.35182291666666665 0.2726851851851852 0.0328125 0.09537037037037037
1 0.47630208333333335 0.26851851851851855 0.0421875 0.08148148148148149
1 0.5638020833333334 0.23796296296296296 0.0390625 0.09074074074074075
1 0.6755208333333333 0.3236111111111111 0.034375 0.09537037037037037
1 0.6028645833333334 0.3648148148148148 0.0390625 0.0962962962962963
1 0.721875 0.28888888888888886 0.04375 0.08518518518518518
1 0.625 0.31296296296296294 0.023958333333333335 0.040740740740740744
0 0.625 0.3106481481481482 0.007291666666666667 0.012037037037037037