1 0.32369791666666664 0.6949074074074074 0.0203125 0.03611111111111111
1 0.49921875 0.6305555555555555 0.9953125 0.7296296296296296
1 0.7653645833333333 0.5578703703703703 0.0515625 0.16018518518518518
1 0.29270833333333335 0.8175925925925925 0.042708333333333334 0.1962962962962963
1 0.17838541666666666 0.6398148148148148 0.058854166666666666 0.15555555555555556
1 0.24947916666666667 0.8023148148148148 0.04895833333333333 0.17685185185185184
1 0.024479166666666666 0.7648148148148148 0.035416666666666666 0.1925925925925926
1 0.18541666666666667 0.7944444444444444 0.04583333333333333 0.15555555555555556
1 0.08046875 0.274537037037037 0.018229166666666668 0.03425925925925926
1 0.22083333333333333 0.8111111111111111 0.041666666666666664 0.12407407407407407
1 0.021614583333333333 0.5333333333333333 0.04114583333333333 0.1388888888888889
0 0.3234375 0.6921296296296297 0.011458333333333333 0.021296296296296296