1 0.49947916666666664 0.6597222222222222 0.9947916666666666 0.6694444444444444
1 0.8856770833333333 0.5638888888888889 0.04635416666666667 0.1537037037037037
1 0.2518229166666667 0.6925925925925925 0.04114583333333333 0.17222222222222222
1 0.6692708333333334 0.4476851851851852 0.03333333333333333 0.1361111111111111
1 0.7049479166666667 0.8740740740740741 0.043229166666666666 0.2111111111111111
1 0.778125 0.5504629629629629 0.035416666666666666 0.16203703703703703
1 0.5520833333333334 0.4810185185185185 0.08020833333333334 0.08055555555555556
1 0.9265625 0.4476851851851852 0.03125 0.12685185185185185
1 0.30364583333333334 0.5115740740740741 0.040625 0.14166666666666666
1 0.3734375 0.4759259259259259 0.034375 0.13333333333333333
1 0.52578125 0.4699074074074074 0.028645833333333332 0.041666666666666664
1 0.8278645833333333 0.32314814814814813 0.019270833333333334 0.02962962962962963
1 0.050520833333333334 0.5694444444444444 0.03229166666666667 0.03333333333333333
1 0.9109375 0.3111111111111111 0.0375 0.09444444444444444