1 0.5 0.7532407407407408 0.9958333333333333 0.4842592592592593
1 0.9255208333333333 0.7472222222222222 0.07395833333333333 0.1962962962962963
1 0.9763020833333333 0.5337962962962963 0.0203125 0.03796296296296296
1 0.14453125 0.7810185185185186 0.09947916666666666 0.19722222222222222
1 0.5473958333333333 0.6208333333333333 0.05625 0.12685185185185185
1 0.5072916666666667 0.6888888888888889 0.01875 0.02962962962962963
1 0.9791666666666666 0.7726851851851851 0.03854166666666667 0.12685185185185185
1 0.5291666666666667 0.5263888888888889 0.0625 0.06018518518518518
1 0.07109375 0.8800925925925925 0.10364583333333334 0.2324074074074074
1 0.11901041666666666 0.9106481481481481 0.07447916666666667 0.1712962962962963
1 0.9440104166666666 0.8273148148148148 0.025520833333333333 0.03611111111111111
1 0.024739583333333332 0.7708333333333334 0.04739583333333333 0.24351851851851852
1 0.9776041666666667 0.5120370370370371 0.040625 0.08888888888888889
1 0.22864583333333333 0.9421296296296297 0.084375 0.10833333333333334
1 0.50234375 0.48935185185185187 0.20364583333333333 0.13055555555555556
1 0.45078125 0.9407407407407408 0.07135416666666666 0.1111111111111111
0 0.9760416666666667 0.5314814814814814 0.013541666666666667 0.025925925925925925