1 0.49947916666666664 0.6662037037037037 0.9947916666666666 0.6564814814814814
1 0.5356770833333333 0.5166666666666667 0.016145833333333335 0.02962962962962963
1 0.0984375 0.6069444444444444 0.040625 0.13240740740740742
1 0.33567708333333335 0.49583333333333335 0.034895833333333334 0.10648148148148148
1 0.61640625 0.5351851851851852 0.034895833333333334 0.09814814814814815
1 0.51796875 0.5972222222222222 0.06927083333333334 0.12222222222222222
1 0.1875 0.5199074074074074 0.0375 0.10462962962962963
1 0.15442708333333333 0.5949074074074074 0.03802083333333333 0.11018518518518519
1 0.46432291666666664 0.47962962962962963 0.034895833333333334 0.0962962962962963
1 0.45364583333333336 0.5726851851851852 0.036458333333333336 0.11203703703703703
1 0.5208333333333334 0.5231481481481481 0.03333333333333333 0.0962962962962963
1 0.48098958333333336 0.5800925925925926 0.030729166666666665 0.1175925925925926
0 0.5359375 0.5143518518518518 0.007291666666666667 0.012037037037037037