1 0.49921875 0.5513888888888889 0.9942708333333333 0.887962962962963
1 0.24348958333333334 0.586574074074074 0.0171875 0.030555555555555555
1 0.8822916666666667 0.8018518518518518 0.041666666666666664 0.1259259259259259
1 0.2203125 0.5550925925925926 0.03854166666666667 0.10833333333333334
1 0.43125 0.4912037037037037 0.053125 0.09537037037037037
1 0.09348958333333333 0.4648148148148148 0.034895833333333334 0.1037037037037037
1 0.6375 0.3476851851851852 0.036458333333333336 0.08981481481481482
1 0.6072916666666667 0.6342592592592593 0.035416666666666666 0.11851851851851852
1 0.25442708333333336 0.38657407407407407 0.0296875 0.09722222222222222
1 0.4510416666666667 0.43472222222222223 0.035416666666666666 0.10277777777777777
1 0.14479166666666668 0.40185185185185185 0.035416666666666666 0.1037037037037037
1 0.5822916666666667 0.6217592592592592 0.034375 0.10833333333333334
1 0.321875 0.3425925925925926 0.03333333333333333 0.1
1 0.37213541666666666 0.42592592592592593 0.0328125 0.1037037037037037
1 0.6002604166666666 0.5101851851851852 0.0328125 0.1
1 0.34348958333333335 0.32222222222222224 0.04010416666666667 0.07962962962962963
0 0.24348958333333334 0.5847222222222223 0.008854166666666666 0.01574074074074074