1 0.49895833333333334 0.5560185185185185 0.99375 0.8768518518518519
1 0.21953125 0.4847222222222222 0.033854166666666664 0.11574074074074074
1 0.2598958333333333 0.6013888888888889 0.03229166666666667 0.125
1 0.48333333333333334 0.5143518518518518 0.017708333333333333 0.030555555555555555
1 0.48802083333333335 0.5555555555555556 0.04375 0.1259259259259259
1 0.055989583333333336 0.3416666666666667 0.030729166666666665 0.11296296296296296
1 0.67890625 0.33287037037037037 0.03697916666666667 0.08981481481481482
1 0.4453125 0.4393518518518518 0.03333333333333333 0.09537037037037037
1 0.30182291666666666 0.6351851851851852 0.028645833333333332 0.13148148148148148
1 0.30963541666666666 0.2898148148148148 0.028645833333333332 0.09444444444444444
1 0.37994791666666666 0.3087962962962963 0.0359375 0.10648148148148148
1 0.50234375 0.4101851851851852 0.03697916666666667 0.09444444444444444
1 0.8044270833333333 0.3712962962962963 0.016145833333333335 0.025925925925925925
1 0.46822916666666664 0.3851851851851852 0.0375 0.09444444444444444
1 0.22864583333333333 0.46620370370370373 0.016666666666666666 0.026851851851851852
1 0.5515625 0.4337962962962963 0.0375 0.10648148148148148
1 0.5395833333333333 0.5060185185185185 0.036458333333333336 0.1287037037037037
1 0.7197916666666667 0.28379629629629627 0.18541666666666667 0.19722222222222222