1 0.49973958333333335 0.6703703703703704 0.9942708333333333 0.65
1 0.3572916666666667 0.5388888888888889 0.03854166666666667 0.15555555555555556
1 0.1015625 0.4587962962962963 0.03854166666666667 0.13055555555555556
1 0.8526041666666667 0.4648148148148148 0.041666666666666664 0.15185185185185185
1 0.31223958333333335 0.39444444444444443 0.0296875 0.10185185185185185
1 0.47265625 0.49212962962962964 0.04635416666666667 0.13796296296296295
1 0.5708333333333333 0.4597222222222222 0.041666666666666664 0.12685185185185185
1 0.83984375 0.40185185185185185 0.0171875 0.03518518518518519
1 0.2453125 0.4199074074074074 0.03229166666666667 0.10648148148148148
1 0.4075520833333333 0.42592592592592593 0.034895833333333334 0.12407407407407407
1 0.5471354166666667 0.43148148148148147 0.034895833333333334 0.1111111111111111
1 0.6052083333333333 0.4444444444444444 0.03958333333333333 0.11851851851851852
1 0.5640625 0.35648148148148145 0.029166666666666667 0.09074074074074075
1 0.5015625 0.4787037037037037 0.042708333333333334 0.14074074074074075
1 0.49713541666666666 0.4935185185185185 0.0171875 0.03148148148148148