1 0.49947916666666664 0.5768518518518518 0.9947916666666666 0.8351851851851851
1 0.34401041666666665 0.3296296296296296 0.015104166666666667 0.027777777777777776
1 0.53203125 0.725 0.044270833333333336 0.13703703703703704
1 0.4817708333333333 0.4305555555555556 0.0375 0.10185185185185185
1 0.7908854166666667 0.6615740740740741 0.043229166666666666 0.14907407407407408
1 0.35494791666666664 0.49953703703703706 0.034895833333333334 0.10648148148148148
1 0.5411458333333333 0.36898148148148147 0.036458333333333336 0.11574074074074074
1 0.8411458333333334 0.36527777777777776 0.036458333333333336 0.11944444444444445
1 0.5940104166666667 0.22361111111111112 0.015104166666666667 0.028703703703703703
1 0.8236979166666667 0.5675925925925925 0.04114583333333333 0.1259259259259259
1 0.3848958333333333 0.42314814814814816 0.04791666666666667 0.0962962962962963
1 0.9854166666666667 0.5356481481481481 0.026041666666666668 0.09537037037037037
1 0.84296875 0.4615740740740741 0.030729166666666665 0.12129629629629629
1 0.55078125 0.3902777777777778 0.016145833333333335 0.030555555555555555
1 0.34375 0.3287037037037037 0.025 0.04259259259259259
0 0.34375 0.3282407407407407 0.007291666666666667 0.013888888888888888
0 0.5934895833333333 0.2222222222222222 0.0067708333333333336 0.014814814814814815