1 0.49921875 0.5782407407407407 0.9942708333333333 0.8324074074074074
1 0.6302083333333334 0.5069444444444444 0.0375 0.14351851851851852
1 0.17630208333333333 0.4078703703703704 0.050520833333333334 0.12129629629629629
1 0.7747395833333334 0.5939814814814814 0.050520833333333334 0.14537037037037037
1 0.3658854166666667 0.5305555555555556 0.0640625 0.16111111111111112
1 0.5184895833333333 0.5513888888888889 0.033854166666666664 0.13425925925925927
1 0.059375 0.42962962962962964 0.036458333333333336 0.13333333333333333
1 0.27109375 0.5439814814814815 0.04114583333333333 0.1361111111111111
1 0.40677083333333336 0.43148148148148147 0.034375 0.13518518518518519
1 0.796875 0.5527777777777778 0.046875 0.15
1 0.7817708333333333 0.49212962962962964 0.029166666666666667 0.030555555555555555
1 0.3796875 0.4027777777777778 0.040625 0.11851851851851852
1 0.12395833333333334 0.17407407407407408 0.017708333333333333 0.03518518518518519
1 0.5119791666666667 0.462037037037037 0.030208333333333334 0.12962962962962962
1 0.5268229166666667 0.3523148148148148 0.04010416666666667 0.1287037037037037