1 0.49921875 0.5611111111111111 0.9942708333333333 0.8666666666666667
1 0.24453125 0.5773148148148148 0.05260416666666667 0.14722222222222223
1 0.40208333333333335 0.4152777777777778 0.036458333333333336 0.125
1 0.3546875 0.27685185185185185 0.015625 0.027777777777777776
1 0.684375 0.4981481481481482 0.035416666666666666 0.11666666666666667
1 0.546875 0.36018518518518516 0.03333333333333333 0.10555555555555556
1 0.21223958333333334 0.34120370370370373 0.0328125 0.11018518518518519
1 0.50390625 0.2967592592592593 0.03697916666666667 0.09351851851851851
1 0.04401041666666667 0.44212962962962965 0.0296875 0.12314814814814815
1 0.30390625 0.30648148148148147 0.04114583333333333 0.1111111111111111
1 0.67578125 0.4074074074074074 0.0296875 0.1111111111111111
1 0.10911458333333333 0.2638888888888889 0.030729166666666665 0.1
1 0.35833333333333334 0.3425925925925926 0.03125 0.11666666666666667
1 0.7307291666666667 0.3138888888888889 0.028125 0.10740740740740741
0 0.3541666666666667 0.274537037037037 0.007291666666666667 0.013888888888888888