1 0.49921875 0.575462962962963 0.9942708333333333 0.8379629629629629
1 0.7088541666666667 0.5055555555555555 0.04479166666666667 0.12037037037037036
1 0.44557291666666665 0.5615740740740741 0.04114583333333333 0.10833333333333334
1 0.821875 0.37916666666666665 0.03958333333333333 0.10648148148148148
1 0.2140625 0.5287037037037037 0.036458333333333336 0.12407407407407407
1 0.2903645833333333 0.2875 0.034895833333333334 0.09166666666666666
1 0.475 0.46574074074074073 0.017708333333333333 0.027777777777777776
1 0.59609375 0.31574074074074077 0.027604166666666666 0.08888888888888889
1 0.3015625 0.42685185185185187 0.042708333333333334 0.1
1 0.4322916666666667 0.5814814814814815 0.015625 0.027777777777777776
1 0.64921875 0.36898148148148147 0.028645833333333332 0.08796296296296297
1 0.5018229166666667 0.3425925925925926 0.0296875 0.08703703703703704
1 0.72265625 0.549537037037037 0.0171875 0.026851851851851852
1 0.4708333333333333 0.4305555555555556 0.035416666666666666 0.1
1 0.3528645833333333 0.37083333333333335 0.0296875 0.10648148148148148
1 0.02265625 0.36898148148148147 0.0328125 0.11388888888888889
1 0.3533854166666667 0.26481481481481484 0.028645833333333332 0.08518518518518518
1 0.6947916666666667 0.55 0.017708333333333333 0.027777777777777776