1 0.49921875 0.6361111111111111 0.9942708333333333 0.7166666666666667
1 0.4861979166666667 0.638425925925926 0.016145833333333335 0.032407407407407406
1 0.34713541666666664 0.6055555555555555 0.0421875 0.10925925925925926
1 0.22239583333333332 0.5361111111111111 0.026041666666666668 0.08518518518518518
1 0.8684895833333334 0.42962962962962964 0.027604166666666666 0.09444444444444444
1 0.47291666666666665 0.5967592592592592 0.042708333333333334 0.11944444444444445
1 0.5841145833333333 0.5402777777777777 0.028645833333333332 0.11018518518518519
1 0.18463541666666666 0.5592592592592592 0.027604166666666666 0.11296296296296296
1 0.7796875 0.40925925925925927 0.027083333333333334 0.09259259259259259
1 0.3375 0.5231481481481481 0.03125 0.1111111111111111
1 0.27447916666666666 0.5472222222222223 0.029166666666666667 0.10925925925925926
1 0.6466145833333333 0.525 0.0328125 0.11296296296296296
1 0.3028645833333333 0.513425925925926 0.025520833333333333 0.10648148148148148
1 0.5752604166666667 0.28935185185185186 0.0296875 0.07314814814814814
0 0.23671875 0.1388888888888889 0.09739583333333333 0.06111111111111111