1 0.49947916666666664 0.5435185185185185 0.99375 0.9018518518518519
1 0.82421875 0.600925925925926 0.04114583333333333 0.11481481481481481
1 0.8359375 0.6287037037037037 0.015625 0.027777777777777776
1 0.3333333333333333 0.8074074074074075 0.03854166666666667 0.1425925925925926
1 0.4231770833333333 0.5055555555555555 0.0296875 0.12407407407407407
1 0.20260416666666667 0.6287037037037037 0.03958333333333333 0.12962962962962962
1 0.5385416666666667 0.3662037037037037 0.03125 0.09537037037037037
1 0.24192708333333332 0.4587962962962963 0.0359375 0.11203703703703703
1 0.5924479166666666 0.46064814814814814 0.033854166666666664 0.10277777777777777
1 0.2643229166666667 0.5092592592592593 0.030729166666666665 0.11666666666666667
1 0.6341145833333334 0.4148148148148148 0.04114583333333333 0.09259259259259259
1 0.6541666666666667 0.2916666666666667 0.036458333333333336 0.07592592592592592
1 0.37265625 0.31296296296296294 0.033854166666666664 0.08518518518518518
1 0.67734375 0.42453703703703705 0.027604166666666666 0.09907407407407408
1 0.625 0.5166666666666667 0.03333333333333333 0.11481481481481481
1 0.6494791666666667 0.5486111111111112 0.030208333333333334 0.11388888888888889
0 0.5072916666666667 0.1486111111111111 0.019791666666666666 0.03611111111111111