1 0.49947916666666664 0.5694444444444444 0.99375 0.85
1 0.55234375 0.4842592592592593 0.03802083333333333 0.10555555555555556
1 0.8145833333333333 0.5958333333333333 0.03958333333333333 0.12685185185185185
1 0.41744791666666664 0.4888888888888889 0.04010416666666667 0.11481481481481481
1 0.728125 0.40324074074074073 0.03229166666666667 0.10833333333333334
1 0.16145833333333334 0.32916666666666666 0.03333333333333333 0.08796296296296297
1 0.49192708333333335 0.2986111111111111 0.0328125 0.09722222222222222
1 0.9651041666666667 0.4217592592592593 0.052083333333333336 0.11574074074074074
1 0.4700520833333333 0.3773148148148148 0.030729166666666665 0.11203703703703703
1 0.49921875 0.30833333333333335 0.018229166666666668 0.037037037037037035
1 0.7200520833333334 0.26296296296296295 0.03697916666666667 0.09259259259259259
1 0.56484375 0.2912037037037037 0.03177083333333333 0.09351851851851851
1 0.8924479166666667 0.39444444444444443 0.044270833333333336 0.1
1 0.7333333333333333 0.43657407407407406 0.019791666666666666 0.03796296296296296
1 0.53671875 0.2875 0.03697916666666667 0.08796296296296297
1 0.6606770833333333 0.30648148148148147 0.03177083333333333 0.09259259259259259