1 0.35833333333333334 0.6217592592592592 0.017708333333333333 0.032407407407407406
1 0.49921875 0.6310185185185185 0.9953125 0.7287037037037037
1 0.6544270833333333 0.7268518518518519 0.0453125 0.1388888888888889
1 0.7231770833333333 0.6930555555555555 0.05364583333333333 0.13055555555555556
1 0.4505208333333333 0.5518518518518518 0.04791666666666667 0.11666666666666667
1 0.40859375 0.5962962962962963 0.04739583333333333 0.11851851851851852
1 0.3776041666666667 0.5972222222222222 0.035416666666666666 0.11296296296296296
1 0.6244791666666667 0.4925925925925926 0.036458333333333336 0.11481481481481481
1 0.9307291666666667 0.6231481481481481 0.03229166666666667 0.1259259259259259
1 0.6049479166666667 0.6342592592592593 0.034895833333333334 0.13333333333333333
1 0.8807291666666667 0.42592592592592593 0.040625 0.1037037037037037
1 0.51328125 0.5837962962962963 0.0390625 0.11574074074074074
1 0.3299479166666667 0.5018518518518519 0.04010416666666667 0.1037037037037037
1 0.76171875 0.575 0.0390625 0.12037037037037036
1 0.5455729166666666 0.5986111111111111 0.030729166666666665 0.1287037037037037
0 0.3580729166666667 0.6194444444444445 0.008854166666666666 0.016666666666666666