1 0.32109375 0.500462962962963 0.015104166666666667 0.028703703703703703
1 0.49947916666666664 0.6430555555555556 0.9947916666666666 0.7046296296296296
1 0.3815104166666667 0.5842592592592593 0.03802083333333333 0.10740740740740741
1 0.271875 0.5407407407407407 0.03333333333333333 0.09814814814814815
1 0.4513020833333333 0.49444444444444446 0.028645833333333332 0.08888888888888889
1 0.10494791666666667 0.5638888888888889 0.0296875 0.10925925925925926
1 0.29609375 0.4708333333333333 0.028645833333333332 0.09351851851851851
1 0.1421875 0.43287037037037035 0.03333333333333333 0.08611111111111111
1 0.23333333333333334 0.5148148148148148 0.029166666666666667 0.10185185185185185
1 0.38723958333333336 0.5939814814814814 0.016145833333333335 0.028703703703703703
1 0.12630208333333334 0.3925925925925926 0.034895833333333334 0.08148148148148149
0 0.32083333333333336 0.4981481481481482 0.007291666666666667 0.012962962962962963