1 0.49921875 0.6699074074074074 0.9953125 0.649074074074074
1 0.15807291666666667 0.6157407407407407 0.0515625 0.1111111111111111
1 0.7260416666666667 0.5296296296296297 0.03229166666666667 0.08888888888888889
1 0.353125 0.5291666666666667 0.03229166666666667 0.08611111111111111
1 0.1265625 0.46574074074074073 0.042708333333333334 0.08888888888888889
1 0.24114583333333334 0.5773148148148148 0.017708333333333333 0.026851851851851852
1 0.040364583333333336 0.5023148148148148 0.024479166666666666 0.08981481481481482
1 0.3026041666666667 0.5319444444444444 0.03958333333333333 0.075
1 0.21927083333333333 0.5462962962962963 0.06041666666666667 0.1037037037037037
1 0.14036458333333332 0.6291666666666667 0.0203125 0.026851851851851852
1 0.33567708333333335 0.5101851851851852 0.03177083333333333 0.09074074074074075
1 0.8575520833333333 0.4925925925925926 0.1796875 0.19074074074074074