1 0.2791666666666667 0.7240740740740741 0.07083333333333333 0.14814814814814814
1 0.49895833333333334 0.5587962962962963 0.9947916666666666 0.8712962962962963
1 0.5388020833333333 0.524537037037037 0.03697916666666667 0.1527777777777778
1 0.7890625 0.6023148148148149 0.058333333333333334 0.14351851851851852
1 0.06901041666666667 0.6 0.034895833333333334 0.14074074074074075
1 0.34739583333333335 0.5847222222222223 0.05625 0.1287037037037037
1 0.6286458333333333 0.4597222222222222 0.042708333333333334 0.11203703703703703
1 0.13255208333333332 0.5111111111111111 0.0515625 0.15
1 0.5153645833333333 0.3680555555555556 0.034895833333333334 0.08055555555555556
1 0.7166666666666667 0.4666666666666667 0.030208333333333334 0.03148148148148148
1 0.521875 0.3921296296296296 0.017708333333333333 0.030555555555555555
1 0.3046875 0.37453703703703706 0.03125 0.125
1 0.06614583333333333 0.6532407407407408 0.019791666666666666 0.03425925925925926