1 0.49921875 0.5976851851851852 0.9942708333333333 0.7935185185185185
1 0.5341145833333333 0.5444444444444444 0.04635416666666667 0.12962962962962962
1 0.38333333333333336 0.5041666666666667 0.03333333333333333 0.12685185185185185
1 0.7471354166666667 0.4666666666666667 0.043229166666666666 0.12777777777777777
1 0.52890625 0.2740740740740741 0.016145833333333335 0.03333333333333333
1 0.6565104166666667 0.30787037037037035 0.027604166666666666 0.041666666666666664
1 0.2669270833333333 0.40879629629629627 0.025520833333333333 0.11388888888888889
1 0.2552083333333333 0.3125 0.030208333333333334 0.1287037037037037
1 0.5161458333333333 0.3837962962962963 0.034375 0.125
1 0.4635416666666667 0.38935185185185184 0.030208333333333334 0.09907407407407408
1 0.5697916666666667 0.4305555555555556 0.029166666666666667 0.1111111111111111
1 0.44192708333333336 0.35138888888888886 0.027604166666666666 0.09722222222222222
1 0.4861979166666667 0.2462962962962963 0.024479166666666666 0.044444444444444446
1 0.5973958333333333 0.4393518518518518 0.035416666666666666 0.11574074074074074
1 0.6145833333333334 0.4101851851851852 0.029166666666666667 0.11296296296296296
1 0.11067708333333333 0.2564814814814815 0.030729166666666665 0.08888888888888889
1 0.2911458333333333 0.2518518518518518 0.026041666666666668 0.08703703703703704
1 0.46041666666666664 0.22546296296296298 0.029166666666666667 0.06574074074074074
0 0.65625 0.3060185185185185 0.019791666666666666 0.026851851851851852