1 0.49947916666666664 0.687037037037037 0.9947916666666666 0.6166666666666667
1 0.22447916666666667 0.6222222222222222 0.03333333333333333 0.09814814814814815
1 0.34921875 0.6449074074074074 0.03697916666666667 0.10277777777777777
1 0.509375 0.6069444444444444 0.03333333333333333 0.09907407407407408
1 0.35052083333333334 0.5467592592592593 0.030208333333333334 0.0824074074074074
1 0.25026041666666665 0.7462962962962963 0.0328125 0.11481481481481481
1 0.85234375 0.7754629629629629 0.0296875 0.12314814814814815
1 0.8223958333333333 0.7037037037037037 0.030208333333333334 0.10555555555555556
1 0.7380208333333333 0.6453703703703704 0.04895833333333333 0.10925925925925926
1 0.5356770833333333 0.4912037037037037 0.028645833333333332 0.07685185185185185
1 0.10182291666666667 0.5458333333333333 0.0265625 0.08796296296296297
1 0.43411458333333336 0.5986111111111111 0.028645833333333332 0.09907407407407408
1 0.21458333333333332 0.7657407407407407 0.03229166666666667 0.12222222222222222
1 0.16067708333333333 0.6370370370370371 0.034895833333333334 0.1037037037037037
1 0.026302083333333334 0.6356481481481482 0.0296875 0.10462962962962963
1 0.66171875 0.5861111111111111 0.0328125 0.09259259259259259
1 0.7046875 0.5902777777777778 0.041666666666666664 0.0824074074074074
1 0.29739583333333336 0.4888888888888889 0.026041666666666668 0.08148148148148149