1 0.49921875 0.6370370370370371 0.9953125 0.7018518518518518
1 0.6466145833333333 0.5453703703703704 0.022395833333333334 0.03148148148148148
1 0.3859375 0.5282407407407408 0.030208333333333334 0.11388888888888889
1 0.8393229166666667 0.5393518518518519 0.03697916666666667 0.09907407407407408
1 0.29921875 0.4671296296296296 0.027604166666666666 0.08796296296296297
1 0.35078125 0.4388888888888889 0.03802083333333333 0.09074074074074075
1 0.05364583333333333 0.5018518518518519 0.034375 0.10925925925925926
1 0.46953125 0.5046296296296297 0.033854166666666664 0.10925925925925926
1 0.76875 0.5236111111111111 0.040625 0.08981481481481482
1 0.41354166666666664 0.4398148148148148 0.035416666666666666 0.07962962962962963
1 0.5216145833333333 0.39444444444444443 0.03697916666666667 0.08888888888888889
1 0.13671875 0.3962962962962963 0.0296875 0.09259259259259259
1 0.02734375 0.4925925925925926 0.0390625 0.1037037037037037
1 0.45546875 0.43472222222222223 0.030729166666666665 0.0787037037037037
0 0.6466145833333333 0.5430555555555555 0.0140625 0.013888888888888888