1 0.5255208333333333 0.8148148148148148 0.01875 0.03333333333333333
1 0.49947916666666664 0.6902777777777778 0.9947916666666666 0.6101851851851852
1 0.13151041666666666 0.8407407407407408 0.03177083333333333 0.11666666666666667
1 0.6208333333333333 0.775 0.03125 0.11481481481481481
1 0.38333333333333336 0.7981481481481482 0.04895833333333333 0.10555555555555556
1 0.2296875 0.9824074074074074 0.021875 0.03148148148148148
1 0.5669270833333333 0.5930555555555556 0.025520833333333333 0.09537037037037037
1 0.62578125 0.6388888888888888 0.027604166666666666 0.09814814814814815
1 0.7841145833333333 0.8921296296296296 0.0296875 0.1287037037037037
1 0.27239583333333334 0.8273148148148148 0.035416666666666666 0.11944444444444445
1 0.7802083333333333 0.6819444444444445 0.03333333333333333 0.10648148148148148
1 0.9072916666666667 0.5152777777777777 0.025 0.08611111111111111
1 0.70703125 0.5805555555555556 0.024479166666666666 0.09259259259259259
1 0.2786458333333333 0.774074074074074 0.03229166666666667 0.10740740740740741
1 0.6721354166666667 0.5652777777777778 0.0296875 0.09722222222222222
1 0.790625 0.5430555555555555 0.03125 0.08796296296296297
0 0.5255208333333333 0.812037037037037 0.010416666666666666 0.016666666666666666
0 0.22942708333333334 0.9814814814814815 0.013020833333333334 0.020370370370370372