1 0.49973958333333335 0.6657407407407407 0.9953125 0.6592592592592592
1 0.20494791666666667 0.5875 0.06614583333333333 0.175
1 0.3536458333333333 0.6398148148148148 0.05 0.20925925925925926
1 0.75859375 0.5055555555555555 0.0703125 0.2037037037037037
1 0.53125 0.5342592592592592 0.096875 0.19074074074074074
1 0.5703125 0.5657407407407408 0.022916666666666665 0.03518518518518519
1 0.628125 0.3162037037037037 0.022916666666666665 0.03611111111111111
1 0.5458333333333333 0.549537037037037 0.017708333333333333 0.032407407407407406
1 0.04453125 0.9097222222222222 0.08489583333333334 0.17314814814814813
1 0.4953125 0.43425925925925923 0.053125 0.16296296296296298
1 0.3265625 0.5347222222222222 0.03229166666666667 0.20092592592592592
1 0.17734375 0.5138888888888888 0.0140625 0.025925925925925925
1 0.5828125 0.4638888888888889 0.040625 0.2
1 0.5559895833333334 0.5606481481481481 0.050520833333333334 0.05277777777777778
0 0.7536458333333333 0.3611111111111111 0.029166666666666667 0.07777777777777778