1 0.49947916666666664 0.5583333333333333 0.9947916666666666 0.8722222222222222
1 0.27734375 0.48935185185185187 0.044270833333333336 0.12129629629629629
1 0.24010416666666667 0.6555555555555556 0.04375 0.12777777777777777
1 0.5453125 0.46064814814814814 0.03229166666666667 0.13055555555555556
1 0.44947916666666665 0.4615740740740741 0.0375 0.1398148148148148
1 0.9114583333333334 0.5305555555555556 0.06666666666666667 0.13518518518518519
1 0.8036458333333333 0.4925925925925926 0.03854166666666667 0.1685185185185185
1 0.6963541666666667 0.29768518518518516 0.029166666666666667 0.11574074074074074
1 0.6286458333333333 0.42083333333333334 0.035416666666666666 0.14351851851851852
1 0.44817708333333334 0.35138888888888886 0.0359375 0.125
1 0.9364583333333333 0.5810185185185185 0.017708333333333333 0.032407407407407406
1 0.3572916666666667 0.36018518518518516 0.03333333333333333 0.14814814814814814
1 0.6333333333333333 0.3625 0.03958333333333333 0.12685185185185185