1 0.49947916666666664 0.5560185185185185 0.99375 0.8768518518518519
1 0.2833333333333333 0.5018518518518519 0.03854166666666667 0.13518518518518519
1 0.7046875 0.3523148148148148 0.014583333333333334 0.030555555555555555
1 0.28671875 0.687962962962963 0.043229166666666666 0.15
1 0.6893229166666667 0.32037037037037036 0.044270833333333336 0.10925925925925926
1 0.40234375 0.3074074074074074 0.0171875 0.03148148148148148
1 0.4075520833333333 0.4148148148148148 0.04010416666666667 0.1111111111111111
1 0.8872395833333333 0.5314814814814814 0.04114583333333333 0.13148148148148148
1 0.3424479166666667 0.41574074074074074 0.058854166666666666 0.1111111111111111
1 0.6854166666666667 0.46435185185185185 0.036458333333333336 0.125
1 0.8572916666666667 0.43657407407407406 0.046875 0.13055555555555556
1 0.5380208333333333 0.4375 0.03333333333333333 0.11574074074074074
1 0.7119791666666667 0.48935185185185187 0.03229166666666667 0.1398148148148148
1 0.4192708333333333 0.44537037037037036 0.016666666666666666 0.03333333333333333
1 0.6184895833333334 0.3296296296296296 0.028645833333333332 0.1037037037037037
1 0.5846354166666666 0.3837962962962963 0.043229166666666666 0.13240740740740742
1 0.22578125 0.34953703703703703 0.034895833333333334 0.10462962962962963
1 0.50078125 0.3990740740740741 0.033854166666666664 0.1259259259259259
1 0.9515625 0.4148148148148148 0.027083333333333334 0.13333333333333333
1 0.9119791666666667 0.38564814814814813 0.029166666666666667 0.125
0 0.7044270833333334 0.35138888888888886 0.0078125 0.019444444444444445