1 0.49973958333333335 0.7402777777777778 0.9953125 0.5101851851851852
1 0.4591145833333333 0.5537037037037037 0.1109375 0.22037037037037038
1 0.8669270833333333 0.5148148148148148 0.05260416666666667 0.17037037037037037
1 0.76640625 0.5069444444444444 0.0390625 0.1175925925925926
1 0.26666666666666666 0.4981481481481482 0.04583333333333333 0.12222222222222222
1 0.41380208333333335 0.6430555555555556 0.0203125 0.03611111111111111
1 0.5380208333333333 0.5064814814814815 0.05416666666666667 0.14444444444444443
1 0.37005208333333334 0.4962962962962963 0.03802083333333333 0.13333333333333333
1 0.253125 0.5449074074074074 0.017708333333333333 0.028703703703703703
1 0.6393229166666666 0.49953703703703706 0.0296875 0.08611111111111111
1 0.4036458333333333 0.5069444444444444 0.04895833333333333 0.11574074074074074