1 0.45 0.49398148148148147 0.022916666666666665 0.03796296296296296
1 0.49947916666666664 0.6412037037037037 0.9947916666666666 0.7046296296296296
1 0.43645833333333334 0.6087962962962963 0.052083333333333336 0.19166666666666668
1 0.5838541666666667 0.5208333333333334 0.058333333333333334 0.18611111111111112
1 0.47994791666666664 0.45092592592592595 0.0609375 0.12777777777777777
1 0.87421875 0.47824074074074074 0.05364583333333333 0.18981481481481483
1 0.3268229166666667 0.5060185185185185 0.04739583333333333 0.1712962962962963
1 0.9393229166666667 0.5013888888888889 0.0421875 0.19537037037037036
1 0.44895833333333335 0.6847222222222222 0.021875 0.03796296296296296
1 0.8091145833333333 0.42685185185185187 0.0546875 0.1648148148148148
1 0.7666666666666667 0.425462962962963 0.05416666666666667 0.175
1 0.6734375 0.4546296296296296 0.06354166666666666 0.14074074074074075
1 0.55078125 0.46574074074074073 0.058854166666666666 0.15555555555555556
0 0.69453125 0.33055555555555555 0.025520833333333333 0.07037037037037037
0 0.44947916666666665 0.49166666666666664 0.014583333333333334 0.025925925925925925
0 0.6770833333333334 0.3337962962962963 0.019791666666666666 0.06944444444444445