1 0.43828125 0.6861111111111111 0.0171875 0.03148148148148148
1 0.49947916666666664 0.6680555555555555 0.9947916666666666 0.6546296296296297
1 0.8986979166666667 0.7810185185185186 0.0515625 0.12314814814814815
1 0.6611979166666667 0.5518518518518518 0.033854166666666664 0.09259259259259259
1 0.20833333333333334 0.5092592592592593 0.04375 0.04259259259259259
1 0.70859375 0.5101851851851852 0.0328125 0.09814814814814815
1 0.5723958333333333 0.6328703703703704 0.040625 0.09166666666666666
1 0.43854166666666666 0.4986111111111111 0.023958333333333335 0.09351851851851851
1 0.4002604166666667 0.5995370370370371 0.028645833333333332 0.09166666666666666
1 0.19765625 0.6550925925925926 0.0328125 0.11574074074074074
1 0.049479166666666664 0.5402777777777777 0.028125 0.10833333333333334
1 0.4703125 0.5634259259259259 0.034375 0.10648148148148148
1 0.2546875 0.5564814814814815 0.03854166666666667 0.10555555555555556
1 0.528125 0.5541666666666667 0.026041666666666668 0.09351851851851851
1 0.4388020833333333 0.6865740740740741 0.027604166666666666 0.04537037037037037
1 0.26458333333333334 0.5037037037037037 0.03854166666666667 0.05555555555555555
1 0.384375 0.524537037037037 0.03958333333333333 0.10092592592592593
1 0.9169270833333333 0.8023148148148148 0.016145833333333335 0.03611111111111111
1 0.5828125 0.5449074074074074 0.027083333333333334 0.10462962962962963
0 0.43802083333333336 0.6833333333333333 0.008333333333333333 0.014814814814814815