1 0.49921875 0.6342592592592593 0.9942708333333333 0.7203703703703703
1 0.609375 0.575925925925926 0.03854166666666667 0.14814814814814814
1 0.5513020833333333 0.29953703703703705 0.022395833333333334 0.032407407407407406
1 0.32447916666666665 0.8328703703703704 0.052083333333333336 0.18796296296296297
1 0.81796875 0.44722222222222224 0.03697916666666667 0.13148148148148148
1 0.39557291666666666 0.4740740740740741 0.0390625 0.11481481481481481
1 0.25625 0.5060185185185185 0.03958333333333333 0.13425925925925927
1 0.0828125 0.6111111111111112 0.03958333333333333 0.12407407407407407
1 0.31354166666666666 0.6106481481481482 0.034375 0.14166666666666666
1 0.8885416666666667 0.44722222222222224 0.03229166666666667 0.12037037037037036
1 0.6309895833333333 0.37175925925925923 0.03177083333333333 0.10462962962962963
1 0.7239583333333334 0.47685185185185186 0.034375 0.12222222222222222
1 0.82109375 0.49675925925925923 0.022395833333333334 0.032407407407407406
1 0.4934895833333333 0.4773148148148148 0.04739583333333333 0.12685185185185185
1 0.46848958333333335 0.48333333333333334 0.04010416666666667 0.11851851851851852
1 0.07109375 0.5912037037037037 0.016145833333333335 0.032407407407407406
1 0.7770833333333333 0.35 0.03229166666666667 0.09814814814814815
1 0.3109375 0.5009259259259259 0.04895833333333333 0.12407407407407407
0 0.5513020833333333 0.29768518518518516 0.0140625 0.017592592592592594