1 0.49921875 0.5527777777777778 0.9942708333333333 0.8851851851851852
1 0.82578125 0.6222222222222222 0.0171875 0.02962962962962963
1 0.6817708333333333 0.6569444444444444 0.041666666666666664 0.08981481481481482
1 0.83359375 0.5995370370370371 0.03697916666666667 0.11018518518518519
1 0.6205729166666667 0.4597222222222222 0.033854166666666664 0.09537037037037037
1 0.13020833333333334 0.6560185185185186 0.036458333333333336 0.13425925925925927
1 0.41796875 0.5032407407407408 0.030729166666666665 0.10277777777777777
1 0.30963541666666666 0.524074074074074 0.044270833333333336 0.11851851851851852
1 0.21927083333333333 0.387037037037037 0.029166666666666667 0.09074074074074075
1 0.11666666666666667 0.40370370370370373 0.036458333333333336 0.09814814814814815
1 0.33177083333333335 0.3675925925925926 0.030208333333333334 0.0962962962962963
1 0.115625 0.22777777777777777 0.028125 0.08148148148148149
1 0.3645833333333333 0.32546296296296295 0.023958333333333335 0.09722222222222222
1 0.25703125 0.3611111111111111 0.033854166666666664 0.09444444444444444
1 0.19635416666666666 0.24074074074074073 0.03125 0.08333333333333333
1 0.9484375 0.9328703703703703 0.03229166666666667 0.06759259259259259
0 0.8255208333333334 0.6199074074074075 0.008333333333333333 0.01574074074074074
0 0.9497395833333333 0.937962962962963 0.0203125 0.03333333333333333