1 0.49947916666666664 0.6949074074074074 0.9947916666666666 0.600925925925926
1 0.32447916666666665 0.5370370370370371 0.04583333333333333 0.08333333333333333
1 0.4171875 0.6370370370370371 0.026041666666666668 0.1
1 0.2109375 0.7185185185185186 0.035416666666666666 0.11851851851851852
1 0.6721354166666667 0.5513888888888889 0.028645833333333332 0.08055555555555556
1 0.58828125 0.6763888888888889 0.0328125 0.10092592592592593
1 0.04739583333333333 0.5949074074074074 0.027083333333333334 0.10092592592592593
1 0.4544270833333333 0.5439814814814815 0.024479166666666666 0.0824074074074074
1 0.3109375 0.5587962962962963 0.022916666666666665 0.032407407407407406
1 0.5989583333333334 0.5583333333333333 0.023958333333333335 0.09444444444444444
1 0.26015625 0.612037037037037 0.03177083333333333 0.09814814814814815
1 0.63515625 0.6092592592592593 0.0328125 0.08703703703703704
1 0.42161458333333335 0.5578703703703703 0.0265625 0.08981481481481482
1 0.25026041666666665 0.5291666666666667 0.027604166666666666 0.08425925925925926
1 0.3932291666666667 0.5569444444444445 0.025 0.09722222222222222
1 0.5078125 0.6111111111111112 0.027083333333333334 0.0962962962962963