1 0.5859375 0.5884259259259259 0.8208333333333333 0.5398148148148149
1 0.765625 0.48055555555555557 0.019791666666666666 0.04814814814814815
1 0.83515625 0.7282407407407407 0.0203125 0.06018518518518518
1 0.5653645833333333 0.4236111111111111 0.018229166666666668 0.03981481481481482
1 0.59921875 0.5296296296296297 0.019270833333333334 0.05
1 0.7442708333333333 0.7546296296296297 0.016666666666666666 0.03888888888888889
1 0.796875 0.43472222222222223 0.017708333333333333 0.04537037037037037
1 0.5520833333333334 0.4777777777777778 0.017708333333333333 0.044444444444444446
1 0.665625 0.4203703703703704 0.01875 0.046296296296296294
1 0.42864583333333334 0.45231481481481484 0.01875 0.049074074074074076
1 0.5380208333333333 0.46805555555555556 0.01875 0.04722222222222222
1 0.4583333333333333 0.43148148148148147 0.01875 0.05
1 0.6057291666666667 0.4134259259259259 0.019791666666666666 0.04537037037037037
1 0.40677083333333336 0.4986111111111111 0.01875 0.049074074074074076
1 0.46536458333333336 0.6680555555555555 0.024479166666666666 0.05462962962962963
1 0.9401041666666666 0.7824074074074074 0.025 0.06111111111111111