1 0.49973958333333335 0.7393518518518518 0.9953125 0.5138888888888888
1 0.5018229166666667 0.5430555555555555 0.11197916666666667 0.2361111111111111
1 0.4747395833333333 0.5796296296296296 0.027604166666666666 0.046296296296296294
1 0.18880208333333334 0.4962962962962963 0.05364583333333333 0.1685185185185185
1 0.9057291666666667 0.5222222222222223 0.08645833333333333 0.20555555555555555
1 0.4625 0.5467592592592593 0.020833333333333332 0.03425925925925926
1 0.37473958333333335 0.5106481481481482 0.0390625 0.1287037037037037
1 0.30625 0.4986111111111111 0.041666666666666664 0.15462962962962962
1 0.7075520833333333 0.5050925925925925 0.03802083333333333 0.1287037037037037
1 0.5455729166666666 0.5125 0.024479166666666666 0.04537037037037037
1 0.62265625 0.49398148148148147 0.030729166666666665 0.09722222222222222
0 0.46171875 0.5449074074074074 0.011979166666666667 0.021296296296296296