1 0.49947916666666664 0.513425925925926 0.9947916666666666 0.962037037037037
1 0.3421875 0.49722222222222223 0.017708333333333333 0.03148148148148148
1 0.33098958333333334 0.45185185185185184 0.03177083333333333 0.13333333333333333
1 0.4674479166666667 0.46574074074074073 0.03802083333333333 0.13148148148148148
1 0.7255208333333333 0.3111111111111111 0.036458333333333336 0.11296296296296296
1 0.16796875 0.5083333333333333 0.03802083333333333 0.14629629629629629
1 0.5109375 0.26296296296296295 0.05 0.11666666666666667
1 0.56953125 0.5787037037037037 0.03802083333333333 0.14074074074074075
1 0.9010416666666666 0.6509259259259259 0.042708333333333334 0.13703703703703704
1 0.78671875 0.5120370370370371 0.04010416666666667 0.1425925925925926
1 0.4375 0.15046296296296297 0.05 0.10462962962962963
1 0.07864583333333333 0.9462962962962963 0.040625 0.1
1 0.7760416666666666 0.9393518518518519 0.04375 0.11388888888888889
1 0.6861979166666666 0.23564814814814813 0.0328125 0.1175925925925926
0 0.3419270833333333 0.49583333333333335 0.0109375 0.017592592592592594