1 0.49973958333333335 0.7171296296296297 0.9953125 0.5564814814814815
1 0.59140625 0.49907407407407406 0.0171875 0.02962962962962963
1 0.6700520833333333 0.5370370370370371 0.13697916666666668 0.2462962962962963
1 0.8466145833333333 0.46296296296296297 0.05364583333333333 0.11666666666666667
1 0.7697916666666667 0.45555555555555555 0.03333333333333333 0.09444444444444444
1 0.3614583333333333 0.4648148148148148 0.04791666666666667 0.10740740740740741
1 0.48020833333333335 0.4625 0.035416666666666666 0.09166666666666666
1 0.31796875 0.47314814814814815 0.04635416666666667 0.12037037037037036
1 0.32109375 0.4810185185185185 0.016145833333333335 0.030555555555555555
1 0.5716145833333334 0.45046296296296295 0.0265625 0.06388888888888888
1 0.8817708333333333 0.45694444444444443 0.042708333333333334 0.11944444444444445
1 0.59140625 0.49953703703703706 0.028645833333333332 0.049074074074074076
1 0.7783854166666667 0.49166666666666664 0.015104166666666667 0.024074074074074074
0 0.59140625 0.49722222222222223 0.009895833333333333 0.016666666666666666