1 0.49947916666666664 0.7092592592592593 0.9958333333333333 0.5722222222222222
1 0.3614583333333333 0.6046296296296296 0.03229166666666667 0.07777777777777778
1 0.6200520833333333 0.5939814814814814 0.015104166666666667 0.028703703703703703
1 0.8796875 0.6662037037037037 0.04791666666666667 0.1398148148148148
1 0.5606770833333333 0.6662037037037037 0.0484375 0.11388888888888889
1 0.70078125 0.6689814814814815 0.0515625 0.1175925925925926
1 0.8213541666666667 0.5981481481481481 0.040625 0.1111111111111111
1 0.59921875 0.6152777777777778 0.033854166666666664 0.10462962962962963
1 0.5197916666666667 0.6412037037037037 0.036458333333333336 0.10277777777777777
1 0.6463541666666667 0.5625 0.0375 0.08425925925925926
1 0.9833333333333333 0.9365740740740741 0.030208333333333334 0.11944444444444445
1 0.66796875 0.6194444444444445 0.05260416666666667 0.14444444444444443
1 0.9403645833333333 0.4439814814814815 0.03697916666666667 0.08425925925925926
0 0.61953125 0.5916666666666667 0.0067708333333333336 0.012962962962962963