1 0.49947916666666664 0.6324074074074074 0.9947916666666666 0.7240740740740741
1 0.6515625 0.4671296296296296 0.020833333333333332 0.03796296296296296
1 0.3489583333333333 0.5962962962962963 0.06145833333333333 0.19814814814814816
1 0.46640625 0.524074074074074 0.06510416666666667 0.17777777777777778
1 0.640625 0.4203703703703704 0.041666666666666664 0.17777777777777778
1 0.48385416666666664 0.5162037037037037 0.022916666666666665 0.03796296296296296
1 0.7526041666666666 0.4703703703703704 0.04583333333333333 0.1925925925925926
1 0.88203125 0.5009259259259259 0.044270833333333336 0.19814814814814816
1 0.3880208333333333 0.4699074074074074 0.0625 0.13796296296296295
1 0.2671875 0.49537037037037035 0.04791666666666667 0.18518518518518517
1 0.6908854166666667 0.41712962962962963 0.049479166666666664 0.16203703703703703
1 0.5388020833333333 0.44583333333333336 0.0359375 0.13796296296296295
1 0.37552083333333336 0.3731481481481482 0.020833333333333332 0.037037037037037035
1 0.49583333333333335 0.44166666666666665 0.035416666666666666 0.17962962962962964
0 0.6380208333333334 0.3300925925925926 0.03958333333333333 0.07314814814814814