1 0.49921875 0.5583333333333333 0.99375 0.7027777777777777
1 0.336328125 0.5777777777777777 0.03984375 0.09722222222222222
1 0.496484375 0.75625 0.04296875 0.11805555555555555
1 0.46640625 0.5131944444444444 0.03125 0.10138888888888889
1 0.06796875 0.5111111111111111 0.034375 0.09444444444444444
1 0.221484375 0.5277777777777778 0.04296875 0.10833333333333334
1 0.4390625 0.6736111111111112 0.03125 0.10833333333333334
1 0.269140625 0.44305555555555554 0.02734375 0.09166666666666666
1 0.393359375 0.4423611111111111 0.02890625 0.09861111111111111
1 0.0375 0.63125 0.0421875 0.11527777777777778
1 0.31796875 0.36180555555555555 0.025 0.07361111111111111
1 0.810546875 0.3840277777777778 0.02578125 0.09027777777777778
1 0.265234375 0.36041666666666666 0.01640625 0.02638888888888889
1 0.25859375 0.33055555555555555 0.0296875 0.08888888888888889
1 0.345703125 0.5861111111111111 0.01796875 0.03611111111111111
1 0.294921875 0.4701388888888889 0.03046875 0.09583333333333334
1 0.460546875 0.42430555555555555 0.02578125 0.0875
1 0.121875 0.3472222222222222 0.028125 0.07777777777777778
1 0.509375 0.8020833333333334 0.01875 0.02638888888888889
1 0.73203125 0.46041666666666664 0.0171875 0.029166666666666667