1 0.49921875 0.562962962962963 0.9932291666666667 0.8629629629629629
1 0.41041666666666665 0.8074074074074075 0.0375 0.14629629629629629
1 0.6135416666666667 0.24074074074074073 0.017708333333333333 0.027777777777777776
1 0.8328125 0.562037037037037 0.040625 0.1259259259259259
1 0.5106770833333333 0.55 0.034895833333333334 0.12962962962962962
1 0.290625 0.6013888888888889 0.035416666666666666 0.14351851851851852
1 0.7315104166666667 0.6222222222222222 0.0296875 0.13333333333333333
1 0.721875 0.46296296296296297 0.03125 0.11481481481481481
1 0.75078125 0.3300925925925926 0.06197916666666667 0.09907407407407408
1 0.5872395833333334 0.38796296296296295 0.03177083333333333 0.10185185185185185
1 0.32838541666666665 0.3902777777777778 0.027604166666666666 0.10648148148148148
1 0.46432291666666664 0.40324074074074073 0.034895833333333334 0.10092592592592593
1 0.4171875 0.3055555555555556 0.035416666666666666 0.0962962962962963
1 0.28359375 0.48842592592592593 0.030729166666666665 0.11203703703703703
1 0.8721354166666667 0.38657407407407407 0.015104166666666667 0.026851851851851852
1 0.51796875 0.31712962962962965 0.0265625 0.09722222222222222
1 0.5255208333333333 0.4222222222222222 0.029166666666666667 0.10740740740740741
1 0.81953125 0.4675925925925926 0.0296875 0.11666666666666667
1 0.7325520833333333 0.6282407407407408 0.015104166666666667 0.032407407407407406
1 0.4864583333333333 0.40925925925925927 0.027083333333333334 0.10555555555555556
0 0.16302083333333334 0.12962962962962962 0.017708333333333333 0.037037037037037035