1 0.49921875 0.5060185185185185 0.9932291666666667 0.9768518518518519
1 0.525 0.6615740740740741 0.036458333333333336 0.14166666666666666
1 0.37213541666666666 0.5291666666666667 0.05677083333333333 0.10833333333333334
1 0.2518229166666667 0.5708333333333333 0.0203125 0.03425925925925926
1 0.51953125 0.4828703703703704 0.043229166666666666 0.11203703703703703
1 0.43411458333333336 0.4583333333333333 0.058854166666666666 0.10925925925925926
1 0.11380208333333333 0.6759259259259259 0.04010416666666667 0.15555555555555556
1 0.5973958333333333 0.7777777777777778 0.041666666666666664 0.14444444444444443
1 0.2916666666666667 0.5652777777777778 0.036458333333333336 0.1287037037037037
1 0.23671875 0.5550925925925926 0.06510416666666667 0.11574074074074074
1 0.81953125 0.3763888888888889 0.0328125 0.12314814814814815
1 0.29192708333333334 0.39444444444444443 0.04010416666666667 0.1111111111111111
1 0.5390625 0.4726851851851852 0.020833333333333332 0.026851851851851852
1 0.16067708333333333 0.26944444444444443 0.033854166666666664 0.11481481481481481
1 0.41458333333333336 0.9393518518518519 0.040625 0.11388888888888889
0 0.2518229166666667 0.5694444444444444 0.011979166666666667 0.018518518518518517