1 0.49947916666666664 0.5472222222222223 0.99375 0.8944444444444445
1 0.38984375 0.6018518518518519 0.03177083333333333 0.12777777777777777
1 0.2955729166666667 0.7837962962962963 0.05260416666666667 0.15462962962962962
1 0.41848958333333336 0.30972222222222223 0.033854166666666664 0.08425925925925926
1 0.4359375 0.4634259259259259 0.034375 0.09166666666666666
1 0.5997395833333333 0.46944444444444444 0.04114583333333333 0.07777777777777778
1 0.8052083333333333 0.5208333333333334 0.03333333333333333 0.10462962962962963
1 0.5510416666666667 0.48055555555555557 0.03125 0.10555555555555556
1 0.6151041666666667 0.6467592592592593 0.03333333333333333 0.11388888888888889
1 0.7401041666666667 0.5175925925925926 0.03125 0.10740740740740741
1 0.71875 0.39305555555555555 0.03333333333333333 0.0787037037037037
1 0.14609375 0.3287037037037037 0.030729166666666665 0.09259259259259259
1 0.18645833333333334 0.425462962962963 0.030208333333333334 0.10092592592592593
1 0.8010416666666667 0.5578703703703703 0.016666666666666666 0.032407407407407406
1 0.5830729166666667 0.32407407407407407 0.0265625 0.09074074074074075
1 0.19270833333333334 0.23657407407407408 0.023958333333333335 0.08055555555555556
1 0.5484375 0.5078703703703704 0.017708333333333333 0.030555555555555555
1 0.23854166666666668 0.4652777777777778 0.029166666666666667 0.10648148148148148
1 0.48463541666666665 0.26851851851851855 0.034895833333333334 0.09444444444444444
1 0.5291666666666667 0.31574074074074077 0.029166666666666667 0.08333333333333333
1 0.26197916666666665 0.4203703703703704 0.028125 0.10740740740740741
1 0.6229166666666667 0.22083333333333333 0.034375 0.08425925925925926