1 0.49921875 0.5819444444444445 0.9942708333333333 0.825
1 0.5145833333333333 0.7263888888888889 0.035416666666666666 0.14722222222222223
1 0.45078125 0.5601851851851852 0.030729166666666665 0.12037037037037036
1 0.6609375 0.4388888888888889 0.028125 0.1037037037037037
1 0.6307291666666667 0.33796296296296297 0.028125 0.09814814814814815
1 0.40338541666666666 0.2199074074074074 0.016145833333333335 0.030555555555555555
1 0.24088541666666666 0.4310185185185185 0.028645833333333332 0.10462962962962963
1 0.5544270833333333 0.3125 0.024479166666666666 0.0824074074074074
1 0.4127604166666667 0.3087962962962963 0.027604166666666666 0.08425925925925926
1 0.09869791666666666 0.3226851851851852 0.0265625 0.08611111111111111
1 0.46171875 0.2814814814814815 0.021354166666666667 0.07777777777777778
1 0.43255208333333334 0.4236111111111111 0.027604166666666666 0.10092592592592593
1 0.7229166666666667 0.36342592592592593 0.029166666666666667 0.09722222222222222
1 0.22604166666666667 0.36342592592592593 0.027083333333333334 0.08611111111111111
1 0.38619791666666664 0.3282407407407407 0.0265625 0.08796296296296297
0 0.8221354166666667 0.25972222222222224 0.011979166666666667 0.019444444444444445