1 0.0828125 0.6546296296296297 0.040625 0.1388888888888889
1 0.49947916666666664 0.6023148148148149 0.99375 0.7861111111111111
1 0.5864583333333333 0.5328703703703703 0.040625 0.12129629629629629
1 0.40078125 0.5296296296296297 0.3796875 0.9314814814814815
1 0.07109375 0.8949074074074074 0.04114583333333333 0.16203703703703703
1 0.221875 0.49398148148148147 0.0375 0.1175925925925926
1 0.35130208333333335 0.5337962962962963 0.0640625 0.10277777777777777
1 0.9375 0.6175925925925926 0.03333333333333333 0.12962962962962962
1 0.7013020833333333 0.8208333333333333 0.0578125 0.06759259259259259
1 0.34010416666666665 0.5722222222222222 0.08958333333333333 0.1814814814814815
1 0.94375 0.8560185185185185 0.041666666666666664 0.09722222222222222
1 0.3346354166666667 0.6134259259259259 0.0796875 0.08981481481481482
1 0.7755208333333333 0.7458333333333333 0.2125 0.4787037037037037
1 0.79375 0.49722222222222223 0.041666666666666664 0.1
0 0.8841145833333334 0.35185185185185186 0.030729166666666665 0.05925925925925926