1 0.49921875 0.5518518518518518 0.9942708333333333 0.8870370370370371
1 0.3125 0.4777777777777778 0.016666666666666666 0.03148148148148148
1 0.47265625 0.6875 0.0421875 0.15833333333333333
1 0.57109375 0.48842592592592593 0.0515625 0.12685185185185185
1 0.35833333333333334 0.5013888888888889 0.04375 0.13240740740740742
1 0.5328125 0.3675925925925926 0.04583333333333333 0.12222222222222222
1 0.84296875 0.5449074074074074 0.0421875 0.1175925925925926
1 0.7033854166666667 0.2833333333333333 0.050520833333333334 0.09259259259259259
1 0.2515625 0.35462962962962963 0.041666666666666664 0.09074074074074075
1 0.9651041666666667 0.5388888888888889 0.036458333333333336 0.12962962962962962
1 0.6442708333333333 0.475 0.040625 0.13148148148148148
1 0.6 0.4638888888888889 0.03125 0.12777777777777777
1 0.82265625 0.42777777777777776 0.028645833333333332 0.13148148148148148
1 0.4856770833333333 0.7407407407407407 0.015104166666666667 0.03333333333333333
1 0.66796875 0.39490740740740743 0.05572916666666667 0.125
0 0.31223958333333335 0.475462962962963 0.008854166666666666 0.01574074074074074