1 0.4981770833333333 0.3925925925925926 0.018229166666666668 0.03333333333333333
1 0.49973958333333335 0.6712962962962963 0.9942708333333333 0.6462962962962963
1 0.5473958333333333 0.49675925925925923 0.036458333333333336 0.12685185185185185
1 0.41875 0.5513888888888889 0.06458333333333334 0.15648148148148147
1 0.06276041666666667 0.46944444444444444 0.0359375 0.13703703703703704
1 0.26901041666666664 0.4013888888888889 0.0296875 0.10833333333333334
1 0.20546875 0.42777777777777776 0.03177083333333333 0.1111111111111111
1 0.60078125 0.48194444444444445 0.03802083333333333 0.11944444444444445
1 0.475 0.5069444444444444 0.04791666666666667 0.14722222222222223
1 0.38671875 0.4310185185185185 0.03177083333333333 0.12685185185185185
1 0.8221354166666667 0.48703703703703705 0.0390625 0.13148148148148148
1 0.5752604166666667 0.4638888888888889 0.043229166666666666 0.11666666666666667
1 0.5294270833333333 0.3592592592592593 0.027604166666666666 0.09074074074074075
1 0.7809895833333333 0.3560185185185185 0.028645833333333332 0.04537037037037037
1 0.8291666666666667 0.3685185185185185 0.058333333333333334 0.08888888888888889
1 0.4981770833333333 0.39305555555555555 0.0265625 0.04722222222222222
0 0.49765625 0.3902777777777778 0.0109375 0.019444444444444445