1 0.49921875 0.6754629629629629 0.9953125 0.637962962962963
1 0.23880208333333333 0.8486111111111111 0.05572916666666667 0.17685185185185184
1 0.6057291666666667 0.6439814814814815 0.034375 0.13796296296296295
1 0.3067708333333333 0.5328703703703703 0.03854166666666667 0.1175925925925926
1 0.4265625 0.6509259259259259 0.03333333333333333 0.14074074074074075
1 0.3463541666666667 0.5986111111111111 0.04583333333333333 0.1175925925925926
1 0.03307291666666667 0.5574074074074075 0.03177083333333333 0.1037037037037037
1 0.6635416666666667 0.562037037037037 0.034375 0.09259259259259259
1 0.4875 0.6166666666666667 0.04895833333333333 0.12962962962962962
1 0.38203125 0.5074074074074074 0.03697916666666667 0.09259259259259259
1 0.42083333333333334 0.5509259259259259 0.034375 0.1259259259259259
1 0.5216145833333333 0.5694444444444444 0.0296875 0.1259259259259259
1 0.6135416666666667 0.6930555555555555 0.016666666666666666 0.03425925925925926
1 0.29140625 0.45601851851851855 0.05260416666666667 0.10092592592592593