1 0.49947916666666664 0.6916666666666667 0.9947916666666666 0.6074074074074074
1 0.1671875 0.7870370370370371 0.035416666666666666 0.1259259259259259
1 0.8036458333333333 0.49583333333333335 0.016666666666666666 0.026851851851851852
1 0.28489583333333335 0.6865740740740741 0.03125 0.12129629629629629
1 0.5953125 0.5717592592592593 0.036458333333333336 0.10092592592592593
1 0.34453125 0.6476851851851851 0.03697916666666667 0.1175925925925926
1 0.7135416666666666 0.6513888888888889 0.03125 0.11203703703703703
1 0.4934895833333333 0.5893518518518519 0.03697916666666667 0.09722222222222222
1 0.6567708333333333 0.46574074074074073 0.030208333333333334 0.07962962962962963
1 0.928125 0.5564814814814815 0.034375 0.10185185185185185
1 0.7442708333333333 0.48657407407407405 0.03333333333333333 0.08055555555555556
1 0.7911458333333333 0.6027777777777777 0.030208333333333334 0.10925925925925926
1 0.6296875 0.4875 0.029166666666666667 0.08611111111111111
1 0.37890625 0.6611111111111111 0.034895833333333334 0.11666666666666667
1 0.8002604166666667 0.4648148148148148 0.0265625 0.08703703703703704
1 0.10416666666666667 0.5560185185185185 0.022916666666666665 0.11018518518518519
1 0.77890625 0.5402777777777777 0.028645833333333332 0.09351851851851851
1 0.5096354166666667 0.562037037037037 0.028645833333333332 0.10740740740740741
0 0.8033854166666666 0.4930555555555556 0.0078125 0.012037037037037037