1 0.49921875 0.6092592592592593 0.9942708333333333 0.7703703703703704
1 0.47239583333333335 0.5921296296296297 0.034375 0.12314814814814815
1 0.6598958333333333 0.6069444444444444 0.03229166666666667 0.12129629629629629
1 0.121875 0.7018518518518518 0.04895833333333333 0.1388888888888889
1 0.8203125 0.32175925925925924 0.025 0.03796296296296296
1 0.39140625 0.43842592592592594 0.0296875 0.10462962962962963
1 0.19505208333333332 0.44212962962962965 0.028645833333333332 0.10092592592592593
1 0.5341145833333333 0.3472222222222222 0.0265625 0.08703703703703704
1 0.48802083333333335 0.337037037037037 0.028125 0.07962962962962963
1 0.8677083333333333 0.4847222222222222 0.0375 0.11574074074074074
1 0.32526041666666666 0.37453703703703706 0.0265625 0.08425925925925926
1 0.70859375 0.2898148148148148 0.016145833333333335 0.03148148148148148
1 0.7458333333333333 0.4597222222222222 0.029166666666666667 0.10833333333333334
1 0.7973958333333333 0.4300925925925926 0.028125 0.11203703703703703
1 0.2994791666666667 0.32916666666666666 0.035416666666666666 0.0787037037037037
1 0.24114583333333334 0.3125 0.026041666666666668 0.08055555555555556
0 0.8203125 0.3194444444444444 0.017708333333333333 0.024074074074074074
0 0.18645833333333334 0.27546296296296297 0.016666666666666666 0.028703703703703703