1 0.7703125 0.600925925925926 0.18229166666666666 0.6425925925925926
1 0.5348958333333333 0.6194444444444445 0.28854166666666664 0.6018518518518519
1 0.35234375 0.6143518518518518 0.19427083333333334 0.5972222222222222
1 0.16328125 0.6305555555555555 0.1921875 0.5740740740740741
1 0.49947916666666664 0.9361111111111111 0.9958333333333333 0.12222222222222222
1 0.58828125 0.6194444444444445 0.1390625 0.6
1 0.9380208333333333 0.7944444444444444 0.11145833333333334 0.20555555555555555
1 0.9359375 0.8532407407407407 0.10625 0.08611111111111111
1 0.5372395833333333 0.7657407407407407 0.29739583333333336 0.28888888888888886
1 0.052083333333333336 0.6699074074074074 0.10208333333333333 0.4601851851851852
0 0.7690104166666667 0.8564814814814815 0.0390625 0.06481481481481481
0 0.21640625 0.38796296296296295 0.0578125 0.11666666666666667
0 0.3927083333333333 0.2587962962962963 0.05 0.11018518518518519