1 0.5036458333333333 0.6657407407407407 0.016666666666666666 0.03148148148148148
1 0.49947916666666664 0.6486111111111111 0.9947916666666666 0.6916666666666667
1 0.46536458333333336 0.6129629629629629 0.027604166666666666 0.1037037037037037
1 0.515625 0.5208333333333334 0.026041666666666668 0.09166666666666666
1 0.8734375 0.8967592592592593 0.04375 0.13240740740740742
1 0.03229166666666667 0.45092592592592595 0.026041666666666668 0.08888888888888889
1 0.73984375 0.43148148148148147 0.024479166666666666 0.08148148148148149
1 0.35130208333333335 0.5805555555555556 0.025520833333333333 0.0962962962962963
1 0.12682291666666667 0.9606481481481481 0.0359375 0.07314814814814814
1 0.8471354166666667 0.7328703703703704 0.03697916666666667 0.1175925925925926
1 0.18307291666666667 0.513425925925926 0.025520833333333333 0.0787037037037037
1 0.16666666666666666 0.549074074074074 0.026041666666666668 0.0962962962962963
1 0.56328125 0.5111111111111111 0.0265625 0.09814814814814815
1 0.2716145833333333 0.5319444444444444 0.024479166666666666 0.09166666666666666
1 0.6651041666666667 0.40879629629629627 0.025 0.0824074074074074
1 0.2513020833333333 0.4699074074074074 0.027604166666666666 0.08611111111111111
1 0.33671875 0.5680555555555555 0.028645833333333332 0.09537037037037037
0 0.5033854166666667 0.663425925925926 0.0078125 0.01574074074074074