1 0.49921875 0.5541666666666667 0.9942708333333333 0.8805555555555555
1 0.44817708333333334 0.4148148148148148 0.016145833333333335 0.027777777777777776
1 0.14192708333333334 0.8856481481481482 0.0484375 0.1398148148148148
1 0.6380208333333334 0.6013888888888889 0.03125 0.10648148148148148
1 0.6385416666666667 0.41944444444444445 0.034375 0.09444444444444444
1 0.5971354166666667 0.28055555555555556 0.034895833333333334 0.07222222222222222
1 0.8515625 0.525 0.029166666666666667 0.09814814814814815
1 0.4075520833333333 0.47824074074074074 0.028645833333333332 0.09722222222222222
1 0.38828125 0.4486111111111111 0.0296875 0.0824074074074074
1 0.49947916666666664 0.3402777777777778 0.0375 0.07314814814814814
1 0.7963541666666667 0.30092592592592593 0.022916666666666665 0.07407407407407407
1 0.303125 0.2462962962962963 0.023958333333333335 0.06666666666666667
1 0.6484375 0.44814814814814813 0.014583333333333334 0.02962962962962963
1 0.44869791666666664 0.4148148148148148 0.025520833333333333 0.044444444444444446
1 0.69921875 0.33611111111111114 0.0359375 0.08888888888888889
0 0.4479166666666667 0.4125 0.007291666666666667 0.012037037037037037