1 0.49947916666666664 0.5694444444444444 0.9947916666666666 0.85
1 0.40651041666666665 0.6388888888888888 0.0296875 0.1111111111111111
1 0.9096354166666667 0.5300925925925926 0.0328125 0.10092592592592593
1 0.321875 0.5796296296296296 0.028125 0.1037037037037037
1 0.9065104166666667 0.3560185185185185 0.030729166666666665 0.07685185185185185
1 0.80625 0.3851851851851852 0.023958333333333335 0.08888888888888889
1 0.2981770833333333 0.49444444444444446 0.0359375 0.09074074074074075
1 0.57265625 0.4263888888888889 0.03802083333333333 0.09722222222222222
1 0.4 0.4222222222222222 0.03229166666666667 0.07962962962962963
1 0.5104166666666666 0.35138888888888886 0.025 0.09166666666666666
1 0.7106770833333333 0.43796296296296294 0.025520833333333333 0.09259259259259259
1 0.434375 0.4134259259259259 0.025 0.09351851851851851
1 0.5466145833333333 0.3861111111111111 0.0234375 0.08518518518518518
1 0.3763020833333333 0.5268518518518519 0.03177083333333333 0.09814814814814815
1 0.6078125 0.30694444444444446 0.021875 0.0787037037037037
1 0.62890625 0.35462962962962963 0.0234375 0.08518518518518518
1 0.3890625 0.25972222222222224 0.026041666666666668 0.075
1 0.9825520833333333 0.5634259259259259 0.03177083333333333 0.10092592592592593