1 0.49973958333333335 0.5060185185185185 0.9932291666666667 0.9768518518518519
1 0.7796875 0.6791666666666667 0.034375 0.125
1 0.42552083333333335 0.6148148148148148 0.05 0.10925925925925926
1 0.4395833333333333 0.4949074074074074 0.03854166666666667 0.09907407407407408
1 0.6380208333333334 0.3486111111111111 0.028125 0.09351851851851851
1 0.4981770833333333 0.4185185185185185 0.04635416666666667 0.07592592592592592
1 0.80234375 0.5703703703703704 0.030729166666666665 0.10925925925925926
1 0.9645833333333333 0.2050925925925926 0.022916666666666665 0.07314814814814814
1 0.5484375 0.5907407407407408 0.05416666666666667 0.10740740740740741
1 0.25859375 0.36574074074074076 0.04114583333333333 0.09074074074074075
1 0.6158854166666666 0.14583333333333334 0.028645833333333332 0.0712962962962963
1 0.8419270833333333 0.3662037037037037 0.03177083333333333 0.15833333333333333
1 0.41171875 0.14305555555555555 0.028645833333333332 0.06759259259259259
1 0.32369791666666664 0.4097222222222222 0.0359375 0.08981481481481482
1 0.4752604166666667 0.12685185185185185 0.025520833333333333 0.06851851851851852
1 0.8424479166666666 0.4 0.027604166666666666 0.09074074074074075
1 0.7875 0.7148148148148148 0.016666666666666666 0.03148148148148148