1 0.6244791666666667 0.7865740740740741 0.04479166666666667 0.1712962962962963
1 0.45260416666666664 0.7856481481481481 0.9010416666666666 0.41944444444444445
1 0.53984375 0.674074074074074 0.0515625 0.1537037037037037
1 0.7817708333333333 0.9023148148148148 0.030208333333333334 0.049074074074074076
1 0.4354166666666667 0.6361111111111111 0.041666666666666664 0.13703703703703704
1 0.5244791666666667 0.7976851851851852 0.05 0.16018518518518518
1 0.11067708333333333 0.5976851851851852 0.0546875 0.13055555555555556
1 0.8013020833333333 0.700925925925926 0.0421875 0.14629629629629629
1 0.6953125 0.9361111111111111 0.036458333333333336 0.11851851851851852
1 0.54296875 0.675 0.021354166666666667 0.03518518518518519
1 0.7442708333333333 0.6574074074074074 0.034375 0.13518518518518519
1 0.8627604166666667 0.725925925925926 0.03697916666666667 0.1537037037037037
1 0.5481770833333334 0.7925925925925926 0.05572916666666667 0.14814814814814814
1 0.6403645833333333 0.7925925925925926 0.0171875 0.03333333333333333
1 0.23359375 0.5615740740740741 0.033854166666666664 0.13055555555555556
1 0.8052083333333333 0.9263888888888889 0.016666666666666666 0.030555555555555555
1 0.5997395833333333 0.6208333333333333 0.04114583333333333 0.1361111111111111
1 0.5059895833333333 0.6092592592592593 0.0390625 0.14074074074074075
1 0.34479166666666666 0.5814814814814815 0.040625 0.12962962962962962
1 0.29270833333333335 0.5671296296296297 0.03854166666666667 0.1398148148148148
1 0.6888020833333334 0.8268518518518518 0.03697916666666667 0.1574074074074074
1 0.15911458333333334 0.5449074074074074 0.043229166666666666 0.13796296296296295