1 0.49947916666666664 0.6546296296296297 0.9947916666666666 0.6814814814814815
1 0.33125 0.5425925925925926 0.03958333333333333 0.09814814814814815
1 0.07473958333333333 0.5763888888888888 0.04010416666666667 0.10092592592592593
1 0.4044270833333333 0.5597222222222222 0.03802083333333333 0.09907407407407408
1 0.4041666666666667 0.5273148148148148 0.016666666666666666 0.032407407407407406
1 0.31666666666666665 0.5138888888888888 0.014583333333333334 0.025925925925925925
1 0.11458333333333333 0.5703703703703704 0.03125 0.1037037037037037
1 0.30026041666666664 0.4824074074074074 0.03802083333333333 0.08333333333333333
1 0.25234375 0.5259259259259259 0.03177083333333333 0.0962962962962963
1 0.13359375 0.4625 0.03697916666666667 0.0787037037037037
1 0.41432291666666665 0.4986111111111111 0.030729166666666665 0.0787037037037037
1 0.15494791666666666 0.4203703703703704 0.0234375 0.07962962962962963
1 0.015104166666666667 0.5425925925925926 0.027083333333333334 0.09259259259259259