1 0.49921875 0.575925925925926 0.9942708333333333 0.8388888888888889
1 0.6822916666666666 0.37222222222222223 0.022916666666666665 0.027777777777777776
1 0.27057291666666666 0.7060185185185185 0.0546875 0.13240740740740742
1 0.6572916666666667 0.5722222222222222 0.027083333333333334 0.10925925925925926
1 0.09348958333333333 0.462037037037037 0.03802083333333333 0.1037037037037037
1 0.44166666666666665 0.5277777777777778 0.03229166666666667 0.1111111111111111
1 0.3302083333333333 0.5986111111111111 0.035416666666666666 0.10833333333333334
1 0.43463541666666666 0.549537037037037 0.018229166666666668 0.03611111111111111
1 0.28958333333333336 0.49074074074074076 0.03229166666666667 0.1037037037037037
1 0.21848958333333332 0.3578703703703704 0.030729166666666665 0.08796296296296297
1 0.7 0.5995370370370371 0.036458333333333336 0.12129629629629629
1 0.29973958333333334 0.37824074074074077 0.0328125 0.08796296296296297
1 0.11614583333333334 0.5416666666666666 0.029166666666666667 0.10555555555555556
1 0.5674479166666667 0.34305555555555556 0.034895833333333334 0.08611111111111111
1 0.3458333333333333 0.3990740740740741 0.03229166666666667 0.09074074074074075
1 0.9049479166666666 0.7125 0.04739583333333333 0.125
1 0.65859375 0.5782407407407407 0.019270833333333334 0.03425925925925926
0 0.68203125 0.36944444444444446 0.015104166666666667 0.012962962962962963