1 0.7796875 0.6861111111111111 0.07708333333333334 0.21296296296296297
1 0.49973958333333335 0.7763888888888889 0.9953125 0.43796296296296294
1 0.66640625 0.6037037037037037 0.0484375 0.12037037037037036
1 0.63984375 0.4976851851851852 0.022395833333333334 0.03981481481481482
1 0.1078125 0.8375 0.07604166666666666 0.3175925925925926
1 0.29401041666666666 0.8833333333333333 0.1421875 0.22592592592592592
1 0.97265625 0.7828703703703703 0.0515625 0.2916666666666667
1 0.5078125 0.9120370370370371 0.027083333333333334 0.03518518518518519
1 0.70078125 0.6046296296296296 0.0234375 0.03148148148148148
1 0.35260416666666666 0.9217592592592593 0.025 0.03981481481481482
1 0.49609375 0.5046296296296297 0.3984375 0.2388888888888889
0 0.6393229166666666 0.49537037037037035 0.0140625 0.025925925925925925