1 0.5059895833333333 0.7189814814814814 0.018229166666666668 0.032407407407407406
1 0.49921875 0.6398148148148148 0.9953125 0.7111111111111111
1 0.82734375 0.7675925925925926 0.05364583333333333 0.14074074074074075
1 0.18723958333333332 0.6375 0.0484375 0.125
1 0.8463541666666666 0.8101851851851852 0.016666666666666666 0.03518518518518519
1 0.8119791666666667 0.8236111111111111 0.020833333333333332 0.028703703703703703
1 0.4046875 0.5708333333333333 0.03125 0.11203703703703703
1 0.65546875 0.5189814814814815 0.0328125 0.11018518518518519
1 0.7364583333333333 0.4685185185185185 0.029166666666666667 0.10925925925925926
1 0.23255208333333333 0.5189814814814815 0.04114583333333333 0.11388888888888889
1 0.5388020833333333 0.6027777777777777 0.0328125 0.11851851851851852
1 0.17734375 0.4699074074074074 0.0453125 0.04537037037037037
1 0.41640625 0.46296296296296297 0.025520833333333333 0.10555555555555556
1 0.36640625 0.49212962962962964 0.033854166666666664 0.10833333333333334
1 0.56640625 0.5111111111111111 0.0328125 0.11296296296296296
0 0.5057291666666667 0.7166666666666667 0.009375 0.016666666666666666
0 0.8114583333333333 0.8212962962962963 0.0125 0.012962962962962963
0 0.8463541666666666 0.8069444444444445 0.007291666666666667 0.019444444444444445