1 0.49973958333333335 0.6652777777777777 0.9953125 0.6601851851851852
1 0.39817708333333335 0.875 0.059895833333333336 0.1648148148148148
1 0.6140625 0.7412037037037037 0.036458333333333336 0.14722222222222223
1 0.4265625 0.587037037037037 0.052083333333333336 0.05925925925925926
1 0.4796875 0.6569444444444444 0.04895833333333333 0.10648148148148148
1 0.7322916666666667 0.799074074074074 0.046875 0.1388888888888889
1 0.7830729166666667 0.5592592592592592 0.0453125 0.13333333333333333
1 0.7903645833333334 0.7337962962962963 0.0328125 0.14722222222222223
1 0.9388020833333334 0.5115740740740741 0.0296875 0.11574074074074074
1 0.8552083333333333 0.6652777777777777 0.05 0.11944444444444445
1 0.4078125 0.5875 0.016666666666666666 0.028703703703703703
1 0.7026041666666667 0.6893518518518519 0.030208333333333334 0.14722222222222223
1 0.7177083333333333 0.6731481481481482 0.028125 0.15185185185185185