1 0.49947916666666664 0.6532407407407408 0.9947916666666666 0.6842592592592592
1 0.48880208333333336 0.5217592592592593 0.016145833333333335 0.028703703703703703
1 0.24635416666666668 0.7601851851851852 0.041666666666666664 0.14074074074074075
1 0.6231770833333333 0.549537037037037 0.0359375 0.09722222222222222
1 0.35572916666666665 0.5875 0.03854166666666667 0.11574074074074074
1 0.16223958333333333 0.7018518518518518 0.03802083333333333 0.1388888888888889
1 0.609375 0.6805555555555556 0.035416666666666666 0.1259259259259259
1 0.22864583333333333 0.55 0.030208333333333334 0.11481481481481481
1 0.5296875 0.5226851851851851 0.03125 0.09907407407407408
1 0.29661458333333335 0.49166666666666664 0.028645833333333332 0.09814814814814815
1 0.38671875 0.462037037037037 0.0359375 0.08518518518518518
1 0.42864583333333334 0.4689814814814815 0.042708333333333334 0.08796296296296297
1 0.46432291666666664 0.5333333333333333 0.0390625 0.10555555555555556
1 0.6981770833333333 0.6625 0.0328125 0.1287037037037037
1 0.7286458333333333 0.5962962962962963 0.03333333333333333 0.12037037037037036
0 0.48854166666666665 0.5194444444444445 0.008333333333333333 0.014814814814814815