1 0.49921875 0.6699074074074074 0.9942708333333333 0.649074074074074
1 0.6135416666666667 0.7018518518518518 0.040625 0.14444444444444443
1 0.20442708333333334 0.5435185185185185 0.0359375 0.12037037037037036
1 0.4934895833333333 0.612037037037037 0.044270833333333336 0.12037037037037036
1 0.6763020833333333 0.5398148148148149 0.015104166666666667 0.02962962962962963
1 0.07630208333333334 0.6087962962962963 0.0453125 0.1287037037037037
1 0.3380208333333333 0.5435185185185185 0.03125 0.12037037037037036
1 0.21666666666666667 0.8962962962962963 0.05 0.1685185185185185
1 0.6171875 0.5319444444444444 0.041666666666666664 0.06944444444444445
1 0.66015625 0.5319444444444444 0.049479166666666664 0.08425925925925926
1 0.7791666666666667 0.5351851851851852 0.034375 0.13518518518518519
1 0.06041666666666667 0.6439814814814815 0.015625 0.030555555555555555
1 0.5333333333333333 0.5981481481481481 0.07395833333333333 0.044444444444444446
1 0.19244791666666666 0.8490740740740741 0.044270833333333336 0.15555555555555556
1 0.7119791666666667 0.513425925925926 0.04375 0.10277777777777777
1 0.678125 0.5546296296296296 0.016666666666666666 0.027777777777777776
1 0.5203125 0.611574074074074 0.09895833333333333 0.12314814814814815
0 0.67578125 0.5365740740740741 0.0078125 0.012037037037037037