1 0.65078125 0.5731481481481482 0.0171875 0.03148148148148148
1 0.49921875 0.6875 0.9953125 0.6157407407407407
1 0.25390625 0.6199074074074075 0.03802083333333333 0.11944444444444445
1 0.46067708333333335 0.711574074074074 0.03697916666666667 0.13055555555555556
1 0.3815104166666667 0.5875 0.03177083333333333 0.10833333333333334
1 0.7752604166666667 0.5828703703703704 0.0515625 0.10648148148148148
1 0.15677083333333333 0.5777777777777777 0.027083333333333334 0.10185185185185185
1 0.7239583333333334 0.6013888888888889 0.03958333333333333 0.09907407407407408
1 0.07447916666666667 0.5962962962962963 0.03125 0.11481481481481481
1 0.8255208333333334 0.5861111111111111 0.019791666666666666 0.037037037037037035
1 0.054427083333333334 0.8847222222222222 0.0453125 0.14907407407407408
1 0.4901041666666667 0.5916666666666667 0.078125 0.08518518518518518
1 0.6510416666666666 0.5736111111111111 0.026041666666666668 0.04537037037037037
0 0.65078125 0.5703703703703704 0.0078125 0.014814814814814815