1 0.30390625 0.6217592592592592 0.0203125 0.03611111111111111
1 0.49895833333333334 0.5958333333333333 0.9947916666666666 0.799074074074074
1 0.271875 0.8273148148148148 0.04895833333333333 0.19907407407407407
1 0.74140625 0.4962962962962963 0.044270833333333336 0.13333333333333333
1 0.3302083333333333 0.7657407407407407 0.04479166666666667 0.2
1 0.034895833333333334 0.6990740740740741 0.04583333333333333 0.18703703703703703
1 0.16901041666666666 0.7101851851851851 0.04739583333333333 0.18333333333333332
1 0.23151041666666666 0.7055555555555556 0.03802083333333333 0.1962962962962963
1 0.20234375 0.6074074074074074 0.03697916666666667 0.1648148148148148
1 0.9645833333333333 0.5652777777777778 0.03125 0.04537037037037037
0 0.30390625 0.6194444444444445 0.011979166666666667 0.022222222222222223