1 0.49947916666666664 0.7078703703703704 0.9958333333333333 0.575
1 0.43046875 0.8351851851851851 0.0296875 0.12407407407407407
1 0.58359375 0.7472222222222222 0.0359375 0.11296296296296296
1 0.7065104166666667 0.8069444444444445 0.0359375 0.11574074074074074
1 0.634375 0.6699074074074074 0.03125 0.11574074074074074
1 0.846875 0.6625 0.03333333333333333 0.11018518518518519
1 0.5216145833333333 0.5976851851851852 0.044270833333333336 0.07314814814814814
1 0.684375 0.6078703703703704 0.026041666666666668 0.10648148148148148
1 0.4752604166666667 0.7759259259259259 0.04114583333333333 0.11851851851851852
1 0.50234375 0.7125 0.024479166666666666 0.11944444444444445
1 0.4901041666666667 0.774537037037037 0.030208333333333334 0.12314814814814815
1 0.759375 0.5606481481481481 0.026041666666666668 0.09907407407407408
1 0.9736979166666667 0.6731481481481482 0.0328125 0.11851851851851852
1 0.7765625 0.5745370370370371 0.029166666666666667 0.10277777777777777
1 0.6828125 0.6203703703703703 0.020833333333333332 0.040740740740740744