1 0.48828125 0.6453703703703704 0.016145833333333335 0.02962962962962963
1 0.49921875 0.6365740740740741 0.9942708333333333 0.7157407407407408
1 0.3533854166666667 0.5921296296296297 0.034895833333333334 0.10277777777777777
1 0.45208333333333334 0.5962962962962963 0.03333333333333333 0.11481481481481481
1 0.82109375 0.4236111111111111 0.0296875 0.08981481481481482
1 0.6182291666666667 0.5152777777777777 0.029166666666666667 0.10648148148148148
1 0.20364583333333333 0.5282407407407408 0.025 0.0712962962962963
1 0.96171875 0.7814814814814814 0.0359375 0.13518518518518519
1 0.5510416666666667 0.5300925925925926 0.03229166666666667 0.10277777777777777
1 0.41692708333333334 0.5773148148148148 0.03697916666666667 0.10648148148148148
1 0.57109375 0.5074074074074074 0.0265625 0.0962962962962963
1 0.26796875 0.5365740740740741 0.0265625 0.10277777777777777
1 0.17109375 0.549074074074074 0.027604166666666666 0.10925925925925926
1 0.31953125 0.5203703703703704 0.0265625 0.0962962962962963
1 0.7322916666666667 0.40370370370370373 0.027083333333333334 0.08703703703703704
0 0.48828125 0.6430555555555556 0.0078125 0.013888888888888888