1 0.4734375 0.6601851851851852 0.017708333333333333 0.03148148148148148
1 0.49921875 0.6726851851851852 0.9942708333333333 0.6435185185185185
1 0.32864583333333336 0.750462962962963 0.046875 0.1287037037037037
1 0.4666666666666667 0.774537037037037 0.0375 0.11944444444444445
1 0.7903645833333334 0.5555555555555556 0.0421875 0.12962962962962962
1 0.4140625 0.7351851851851852 0.040625 0.12407407407407407
1 0.16015625 0.6754629629629629 0.06510416666666667 0.13240740740740742
1 0.19947916666666668 0.5291666666666667 0.028125 0.11203703703703703
1 0.07630208333333334 0.6282407407407408 0.034895833333333334 0.14166666666666666
1 0.4549479166666667 0.6300925925925925 0.0421875 0.11203703703703703
1 0.44114583333333335 0.7398148148148148 0.025 0.037037037037037035
1 0.44114583333333335 0.7328703703703704 0.03854166666666667 0.14907407407407408
1 0.0828125 0.5356481481481481 0.0375 0.10833333333333334
1 0.8260416666666667 0.5342592592592592 0.21666666666666667 0.2351851851851852
0 0.47317708333333336 0.6574074074074074 0.009895833333333333 0.016666666666666666