1 0.49921875 0.5731481481481482 0.9942708333333333 0.8425925925925926
1 0.103125 0.6087962962962963 0.051041666666666666 0.14166666666666666
1 0.7393229166666667 0.5740740740740741 0.044270833333333336 0.13333333333333333
1 0.2359375 0.7361111111111112 0.053125 0.15185185185185185
1 0.6091145833333333 0.5277777777777778 0.034895833333333334 0.15
1 0.29010416666666666 0.5884259259259259 0.05 0.13796296296296295
1 0.32369791666666664 0.3962962962962963 0.0359375 0.12407407407407407
1 0.5705729166666667 0.43703703703703706 0.04114583333333333 0.1111111111111111
1 0.7861979166666667 0.47175925925925927 0.0296875 0.032407407407407406
1 0.12890625 0.5064814814814815 0.0515625 0.1388888888888889
1 0.5888020833333333 0.39166666666666666 0.018229166666666668 0.027777777777777776
1 0.025 0.4083333333333333 0.04791666666666667 0.11666666666666667
1 0.06354166666666666 0.3773148148148148 0.03958333333333333 0.11574074074074074
1 0.5765625 0.44722222222222224 0.023958333333333335 0.040740740740740744
1 0.5729166666666666 0.3990740740740741 0.04895833333333333 0.18703703703703703