1 0.49947916666666664 0.6370370370370371 0.9947916666666666 0.7129629629629629
1 0.7377604166666667 0.5069444444444444 0.03177083333333333 0.1361111111111111
1 0.6174479166666667 0.8148148148148148 0.04635416666666667 0.18888888888888888
1 0.8682291666666667 0.4787037037037037 0.03125 0.13703703703703704
1 0.43723958333333335 0.5032407407407408 0.0453125 0.12314814814814815
1 0.18802083333333333 0.5180555555555556 0.03958333333333333 0.13425925925925927
1 0.7106770833333333 0.38981481481481484 0.03802083333333333 0.10740740740740741
1 0.28619791666666666 0.5296296296296297 0.03802083333333333 0.13518518518518519
1 0.3924479166666667 0.487962962962963 0.0359375 0.13518518518518519
1 0.86796875 0.48842592592592593 0.019270833333333334 0.028703703703703703
1 0.7388020833333333 0.45416666666666666 0.015104166666666667 0.028703703703703703
1 0.16901041666666666 0.4222222222222222 0.034895833333333334 0.11481481481481481
1 0.8473958333333333 0.39444444444444443 0.027083333333333334 0.11851851851851852
1 0.49505208333333334 0.41805555555555557 0.033854166666666664 0.125
1 0.9682291666666667 0.3458333333333333 0.0375 0.11018518518518519
1 0.4627604166666667 0.3962962962962963 0.03802083333333333 0.12407407407407407
1 0.3078125 0.4777777777777778 0.04479166666666667 0.12037037037037036
0 0.7325520833333333 0.2638888888888889 0.03177083333333333 0.04259259259259259