1 0.49947916666666664 0.6782407407407407 0.9958333333333333 0.6342592592592593
1 0.18958333333333333 0.6856481481481481 0.027083333333333334 0.041666666666666664
1 0.7348958333333333 0.7472222222222222 0.053125 0.13703703703703704
1 0.3265625 0.6935185185185185 0.03958333333333333 0.1425925925925926
1 0.6635416666666667 0.6935185185185185 0.0375 0.13518518518518519
1 0.2872395833333333 0.6902777777777778 0.04010416666666667 0.1287037037037037
1 0.9442708333333333 0.7986111111111112 0.0625 0.15092592592592594
1 0.7934895833333333 0.7782407407407408 0.04739583333333333 0.16944444444444445
1 0.6354166666666666 0.8875 0.041666666666666664 0.16944444444444445
1 0.2203125 0.7226851851851852 0.019791666666666666 0.028703703703703703
1 0.8924479166666667 0.6481481481481481 0.06822916666666666 0.13148148148148148
1 0.83203125 0.6587962962962963 0.0359375 0.14907407407407408
1 0.9119791666666667 0.7425925925925926 0.03854166666666667 0.1685185185185185
1 0.8403645833333333 0.7810185185185186 0.0359375 0.1398148148148148