1 0.49947916666666664 0.5 0.99375 0.9907407407407407
1 0.38984375 0.5800925925925926 0.05572916666666667 0.13055555555555556
1 0.41119791666666666 0.33935185185185185 0.05364583333333333 0.12129629629629629
1 0.5213541666666667 0.475 0.03958333333333333 0.1388888888888889
1 0.11145833333333334 0.7449074074074075 0.04375 0.15648148148148147
1 0.7552083333333334 0.43472222222222223 0.036458333333333336 0.13240740740740742
1 0.24140625 0.7393518518518518 0.0453125 0.15648148148148147
1 0.5513020833333333 0.2462962962962963 0.044270833333333336 0.11666666666666667
1 0.7119791666666667 0.6523148148148148 0.051041666666666666 0.17685185185185184
1 0.9546875 0.37453703703703706 0.036458333333333336 0.1398148148148148
1 0.6143229166666667 0.44722222222222224 0.043229166666666666 0.1259259259259259
1 0.23984375 0.7736111111111111 0.016145833333333335 0.026851851851851852
1 0.6494791666666667 0.48055555555555557 0.03229166666666667 0.13518518518518519
1 0.09947916666666666 0.7759259259259259 0.01875 0.05185185185185185
1 0.8911458333333333 0.9189814814814815 0.040625 0.15462962962962962