1 0.49947916666666664 0.6703703703703704 0.9958333333333333 0.65
1 0.8057291666666667 0.7157407407407408 0.06666666666666667 0.15925925925925927
1 0.6403645833333333 0.7166666666666667 0.05364583333333333 0.1685185185185185
1 0.40859375 0.7490740740740741 0.05260416666666667 0.1685185185185185
1 0.45338541666666665 0.5657407407407408 0.049479166666666664 0.15925925925925927
1 0.6760416666666667 0.5648148148148148 0.035416666666666666 0.15
1 0.36328125 0.6708333333333333 0.03802083333333333 0.1675925925925926
1 0.5252604166666667 0.7912037037037037 0.09114583333333333 0.10092592592592593
1 0.58046875 0.5967592592592592 0.034895833333333334 0.14907407407407408
1 0.47161458333333334 0.7472222222222222 0.0609375 0.10925925925925926
1 0.5244791666666667 0.6050925925925926 0.036458333333333336 0.1638888888888889
1 0.7450520833333333 0.7768518518518519 0.021354166666666667 0.02962962962962963
1 0.6559895833333333 0.9199074074074074 0.04635416666666667 0.1527777777777778
1 0.13385416666666666 0.7435185185185185 0.021875 0.02962962962962963
1 0.3953125 0.5986111111111111 0.042708333333333334 0.1527777777777778
1 0.08359375 0.7064814814814815 0.0296875 0.046296296296296294
1 0.54453125 0.7583333333333333 0.05260416666666667 0.1574074074074074
1 0.978125 0.7870370370370371 0.040625 0.17407407407407408
1 0.2630208333333333 0.5898148148148148 0.28854166666666664 0.32037037037037036
0 0.0484375 0.44907407407407407 0.023958333333333335 0.05185185185185185