1 0.49973958333333335 0.6018518518518519 0.9953125 0.7870370370370371
1 0.43463541666666666 0.5972222222222222 0.030729166666666665 0.12407407407407407
1 0.7231770833333333 0.5768518518518518 0.03697916666666667 0.12037037037037036
1 0.52734375 0.5166666666666667 0.03697916666666667 0.12037037037037036
1 0.8065104166666667 0.43425925925925923 0.03177083333333333 0.11296296296296296
1 0.2552083333333333 0.736574074074074 0.034375 0.14907407407407408
1 0.5533854166666666 0.7731481481481481 0.0421875 0.1537037037037037
1 0.22213541666666667 0.6416666666666667 0.0328125 0.13518518518518519
1 0.225 0.5175925925925926 0.036458333333333336 0.11666666666666667
1 0.9190104166666667 0.6435185185185185 0.0328125 0.14629629629629629
1 0.72421875 0.27175925925925926 0.016145833333333335 0.030555555555555555
1 0.6109375 0.3476851851851852 0.019791666666666666 0.028703703703703703
1 0.6229166666666667 0.4148148148148148 0.027083333333333334 0.08888888888888889
1 0.8791666666666667 0.9412037037037037 0.08125 0.11018518518518519
1 0.6484375 0.35138888888888886 0.025 0.075
1 0.3338541666666667 0.4337962962962963 0.03333333333333333 0.11203703703703703
1 0.6942708333333333 0.3375 0.036458333333333336 0.08796296296296297
1 0.68984375 0.44027777777777777 0.0296875 0.10648148148148148
1 0.43776041666666665 0.3972222222222222 0.030729166666666665 0.1037037037037037
1 0.47890625 0.3819444444444444 0.03177083333333333 0.11018518518518519
1 0.703125 0.5453703703703704 0.03229166666666667 0.11666666666666667
0 0.7236979166666667 0.27037037037037037 0.0078125 0.014814814814814815
0 0.61015625 0.3458333333333333 0.011979166666666667 0.013888888888888888