1 0.4830729166666667 0.7087962962962963 0.018229166666666668 0.032407407407407406
1 0.49947916666666664 0.6513888888888889 0.9947916666666666 0.687962962962963
1 0.8559895833333333 0.7736111111111111 0.04739583333333333 0.13425925925925927
1 0.87109375 0.8018518518518518 0.018229166666666668 0.03333333333333333
1 0.1875 0.6439814814814815 0.0375 0.125
1 0.5497395833333333 0.6148148148148148 0.0296875 0.11296296296296296
1 0.6549479166666666 0.5277777777777778 0.0296875 0.10925925925925926
1 0.40390625 0.5800925925925926 0.027604166666666666 0.10648148148148148
1 0.7296875 0.48194444444444445 0.030208333333333334 0.10648148148148148
1 0.1859375 0.4828703703703704 0.04479166666666667 0.04537037037037037
1 0.5268229166666667 0.5328703703703703 0.025520833333333333 0.09907407407407408
1 0.46119791666666665 0.5375 0.03177083333333333 0.11203703703703703
1 0.025 0.513425925925926 0.029166666666666667 0.11203703703703703
1 0.23958333333333334 0.5310185185185186 0.03958333333333333 0.11203703703703703
1 0.4231770833333333 0.475462962962963 0.028645833333333332 0.10092592592592593
1 0.5731770833333333 0.5222222222222223 0.027604166666666666 0.10925925925925926
1 0.25078125 0.4759259259259259 0.0390625 0.05925925925925926
0 0.4830729166666667 0.7055555555555556 0.008854166666666666 0.014814814814814815
0 0.8713541666666667 0.799074074074074 0.010416666666666666 0.018518518518518517