1 0.5596354166666667 0.711574074074074 0.2557291666666667 0.5675925925925925
1 0.49947916666666664 0.6097222222222223 0.99375 0.7712962962962963
1 0.8276041666666667 0.7046296296296296 0.21770833333333334 0.5833333333333334
1 0.20572916666666666 0.0824074074074074 0.34375 0.16296296296296298
1 0.15052083333333333 0.49537037037037035 0.041666666666666664 0.12777777777777777
1 0.7744791666666667 0.8856481481481482 0.090625 0.2212962962962963
1 0.6692708333333334 0.7245370370370371 0.14791666666666667 0.5416666666666666
1 0.21640625 0.95 0.17239583333333333 0.09259259259259259
1 0.29661458333333335 0.788425925925926 0.12864583333333332 0.3398148148148148
1 0.34270833333333334 0.46620370370370373 0.05416666666666667 0.10092592592592593
1 0.1234375 0.8379629629629629 0.16041666666666668 0.31296296296296294
1 0.37734375 0.7685185185185185 0.1640625 0.45555555555555555
1 0.9122395833333333 0.07962962962962963 0.09322916666666667 0.08333333333333333
1 0.19817708333333334 0.04953703703703704 0.1421875 0.09722222222222222
0 0.3416666666666667 0.44722222222222224 0.03958333333333333 0.053703703703703705