1 0.49947916666666664 0.5893518518518519 0.9947916666666666 0.8101851851851852
1 0.36692708333333335 0.48935185185185187 0.022395833333333334 0.03611111111111111
1 0.37109375 0.575 0.06197916666666667 0.1574074074074074
1 0.2203125 0.4398148148148148 0.06458333333333334 0.1425925925925926
1 0.23984375 0.7462962962962963 0.0609375 0.22777777777777777
1 0.2875 0.5763888888888888 0.04479166666666667 0.17314814814814813
1 0.16380208333333332 0.6013888888888889 0.0546875 0.17314814814814813
1 0.11354166666666667 0.5472222222222223 0.05416666666666667 0.18703703703703703
1 0.7518229166666667 0.35833333333333334 0.04114583333333333 0.1537037037037037
1 0.159375 0.6564814814814814 0.017708333333333333 0.03518518518518519
0 0.36640625 0.4875 0.0140625 0.023148148148148147