1 0.49973958333333335 0.6282407407407408 0.9953125 0.7305555555555555
1 0.8458333333333333 0.8328703703703704 0.090625 0.2064814814814815
1 0.26484375 0.4824074074074074 0.04739583333333333 0.12407407407407407
1 0.6869791666666667 0.5305555555555556 0.040625 0.1574074074074074
1 0.475 0.47824074074074074 0.053125 0.12685185185185185
1 0.5703125 0.449537037037037 0.040625 0.11203703703703703
1 0.3809895833333333 0.5185185185185185 0.05677083333333333 0.13703703703703704
1 0.9013020833333333 0.39675925925925926 0.034895833333333334 0.1287037037037037
1 0.4161458333333333 0.46574074074074073 0.042708333333333334 0.1388888888888889
1 0.98359375 0.5171296296296296 0.027604166666666666 0.14351851851851852
1 0.8940104166666667 0.44722222222222224 0.015104166666666667 0.025925925925925925
1 0.6205729166666667 0.48842592592592593 0.0359375 0.14351851851851852
1 0.31223958333333335 0.4212962962962963 0.044270833333333336 0.12222222222222222
1 0.12213541666666666 0.4861111111111111 0.0265625 0.02962962962962963
1 0.5130208333333334 0.44074074074074077 0.034375 0.13333333333333333
1 0.6557291666666667 0.42777777777777776 0.03854166666666667 0.13703703703703704
1 0.8825520833333333 0.7597222222222222 0.0171875 0.03425925925925926
0 0.6169270833333333 0.31666666666666665 0.019270833333333334 0.05185185185185185
0 0.9658854166666667 0.24537037037037038 0.03697916666666667 0.046296296296296294