1 0.49921875 0.6717592592592593 0.9942708333333333 0.6453703703703704
1 0.68046875 0.5453703703703704 0.0171875 0.03148148148148148
1 0.3072916666666667 0.5458333333333333 0.035416666666666666 0.1175925925925926
1 0.19010416666666666 0.5467592592592593 0.041666666666666664 0.11574074074074074
1 0.6283854166666667 0.5412037037037037 0.03697916666666667 0.10462962962962963
1 0.054427083333333334 0.6078703703703704 0.04739583333333333 0.12685185185185185
1 0.5963541666666666 0.6967592592592593 0.0375 0.14166666666666666
1 0.46171875 0.6041666666666666 0.034895833333333334 0.12314814814814815
1 0.55390625 0.5222222222222223 0.03697916666666667 0.09444444444444444
1 0.18515625 0.8907407407407407 0.0453125 0.16296296296296298
1 0.5346354166666667 0.5912037037037037 0.07552083333333333 0.04537037037037037
1 0.63671875 0.5689814814814815 0.018229166666666668 0.028703703703703703
1 0.79453125 0.5412037037037037 0.034895833333333334 0.125
1 0.7421875 0.5402777777777777 0.03229166666666667 0.11018518518518519
0 0.68046875 0.5430555555555555 0.0078125 0.01574074074074074