1 0.49921875 0.5912037037037037 0.9942708333333333 0.8046296296296296
1 0.35494791666666664 0.7189814814814814 0.049479166666666664 0.10462962962962963
1 0.37109375 0.7439814814814815 0.0171875 0.032407407407407406
1 0.6580729166666667 0.42314814814814816 0.0265625 0.06481481481481481
1 0.43802083333333336 0.4912037037037037 0.03854166666666667 0.08981481481481482
1 0.109375 0.5287037037037037 0.040625 0.09074074074074075
1 0.7971354166666667 0.5671296296296297 0.04114583333333333 0.10277777777777777
1 0.13776041666666666 0.6217592592592592 0.030729166666666665 0.09907407407407408
1 0.5424479166666667 0.37083333333333335 0.0265625 0.075
1 0.27239583333333334 0.5032407407407408 0.0375 0.08796296296296297
1 0.03307291666666667 0.32685185185185184 0.028645833333333332 0.07037037037037037
1 0.29322916666666665 0.38472222222222224 0.029166666666666667 0.075
1 0.36744791666666665 0.324537037037037 0.0265625 0.06388888888888888
1 0.65078125 0.3287037037037037 0.028645833333333332 0.06666666666666667
1 0.41953125 0.3597222222222222 0.034895833333333334 0.07314814814814814
1 0.775 0.3148148148148148 0.026041666666666668 0.06666666666666667
1 0.8049479166666667 0.49907407407407406 0.0265625 0.07777777777777778
1 0.35442708333333334 0.44212962962962965 0.0421875 0.07685185185185185
1 0.29192708333333334 0.47638888888888886 0.03802083333333333 0.0787037037037037
1 0.4005208333333333 0.44675925925925924 0.027083333333333334 0.08425925925925926
1 0.37083333333333335 0.7449074074074075 0.028125 0.04722222222222222
0 0.5888020833333333 0.2074074074074074 0.013020833333333334 0.025925925925925925
0 0.6484375 0.2111111111111111 0.0125 0.024074074074074074
0 0.7372395833333333 0.21851851851851853 0.0140625 0.027777777777777776
0 0.6901041666666666 0.21435185185185185 0.013541666666666667 0.026851851851851852