1 0.49947916666666664 0.5 0.99375 0.9907407407407407
1 0.7440104166666667 0.44537037037037036 0.0546875 0.13148148148148148
1 0.15859375 0.7782407407407408 0.0515625 0.14722222222222223
1 0.28463541666666664 0.5782407407407407 0.0359375 0.13425925925925927
1 0.2765625 0.8388888888888889 0.04479166666666667 0.1537037037037037
1 0.48020833333333335 0.23148148148148148 0.041666666666666664 0.1111111111111111
1 0.8666666666666667 0.9222222222222223 0.05 0.14814814814814814
1 0.69296875 0.5995370370370371 0.0421875 0.1361111111111111
1 0.4127604166666667 0.31851851851851853 0.044270833333333336 0.1111111111111111
1 0.4354166666666667 0.4513888888888889 0.04583333333333333 0.11388888888888889
1 0.6408854166666667 0.6259259259259259 0.0390625 0.1537037037037037
1 0.59921875 0.46620370370370373 0.0453125 0.13240740740740742
1 0.9119791666666667 0.38564814814814813 0.03958333333333333 0.13796296296296295
1 0.16848958333333333 0.7537037037037037 0.0140625 0.027777777777777776
1 0.6216145833333333 0.3907407407407407 0.04635416666666667 0.09259259259259259
1 0.42421875 0.35694444444444445 0.018229166666666668 0.032407407407407406
1 0.28671875 0.8652777777777778 0.018229166666666668 0.03611111111111111