1 0.5466145833333333 0.6050925925925926 0.1234375 0.2953703703703704
1 0.49973958333333335 0.788425925925926 0.9953125 0.41388888888888886
1 0.49583333333333335 0.7324074074074074 0.022916666666666665 0.037037037037037035
1 0.45755208333333336 0.6222222222222222 0.016145833333333335 0.03148148148148148
1 0.1125 0.5981481481481481 0.046875 0.1037037037037037
1 0.5885416666666666 0.6189814814814815 0.021875 0.041666666666666664
1 0.17578125 0.5953703703703703 0.0296875 0.06296296296296296
1 0.2869791666666667 0.5898148148148148 0.026041666666666668 0.07222222222222222
1 0.5059895833333333 0.5944444444444444 0.028645833333333332 0.07222222222222222
1 0.7893229166666667 0.5745370370370371 0.028645833333333332 0.08055555555555556
1 0.46484375 0.5995370370370371 0.03802083333333333 0.07685185185185185
1 0.61796875 0.5856481481481481 0.0265625 0.08055555555555556
1 0.5981770833333333 0.7314814814814815 0.021354166666666667 0.03888888888888889