1 0.49973958333333335 0.7078703703703704 0.9953125 0.575
1 0.6171875 0.5939814814814814 0.015625 0.028703703703703703
1 0.25833333333333336 0.5921296296296297 0.03333333333333333 0.08425925925925926
1 0.85859375 0.6555555555555556 0.044270833333333336 0.12222222222222222
1 0.54296875 0.6523148148148148 0.0421875 0.10462962962962963
1 0.8088541666666667 0.5842592592592593 0.03333333333333333 0.1
1 0.6072916666666667 0.6481481481481481 0.040625 0.1037037037037037
1 0.6552083333333333 0.6337962962962963 0.05 0.0824074074074074
1 0.6502604166666667 0.549537037037037 0.027604166666666666 0.08796296296296297
1 0.7 0.6361111111111111 0.036458333333333336 0.1111111111111111
0 0.6166666666666667 0.5916666666666667 0.007291666666666667 0.012962962962962963