1 0.49947916666666664 0.5662037037037037 0.9947916666666666 0.8564814814814815
1 0.46015625 0.38101851851851853 0.0171875 0.030555555555555555
1 0.36666666666666664 0.4222222222222222 0.03125 0.08703703703703704
1 0.8625 0.3537037037037037 0.03229166666666667 0.07777777777777778
1 0.3072916666666667 0.5990740740740741 0.030208333333333334 0.1111111111111111
1 0.8825520833333333 0.5574074074074075 0.03697916666666667 0.11481481481481481
1 0.71171875 0.43657407407407406 0.03802083333333333 0.09351851851851851
1 0.7932291666666667 0.3800925925925926 0.023958333333333335 0.09166666666666666
1 0.37604166666666666 0.6416666666666667 0.030208333333333334 0.11481481481481481
1 0.6028645833333334 0.39814814814814814 0.028645833333333332 0.08518518518518518
1 0.9395833333333333 0.5611111111111111 0.030208333333333334 0.10555555555555556
1 0.3111979166666667 0.4828703703703704 0.03802083333333333 0.10277777777777777
1 0.58203125 0.30833333333333335 0.027604166666666666 0.07962962962962963
1 0.41432291666666665 0.41944444444444445 0.027604166666666666 0.09444444444444444
1 0.9791666666666666 0.6805555555555556 0.03854166666666667 0.12962962962962962
1 0.4856770833333333 0.34629629629629627 0.024479166666666666 0.08703703703703704
1 0.5263020833333333 0.4199074074074074 0.0359375 0.09351851851851851
1 0.007552083333333333 0.362962962962963 0.0140625 0.03148148148148148
0 0.4596354166666667 0.37916666666666665 0.008854166666666666 0.01574074074074074