1 0.49947916666666664 0.5472222222222223 0.99375 0.8944444444444445
1 0.3260416666666667 0.4115740740740741 0.014583333333333334 0.026851851851851852
1 0.55078125 0.7888888888888889 0.044270833333333336 0.1537037037037037
1 0.34869791666666666 0.4351851851851852 0.0328125 0.1111111111111111
1 0.9119791666666667 0.6527777777777778 0.051041666666666666 0.13148148148148148
1 0.3893229166666667 0.41898148148148145 0.028645833333333332 0.09351851851851851
1 0.5098958333333333 0.3175925925925926 0.034375 0.1
1 0.9247395833333333 0.40046296296296297 0.04010416666666667 0.10648148148148148
1 0.9216145833333333 0.21435185185185185 0.03802083333333333 0.09722222222222222
1 0.23567708333333334 0.33935185185185185 0.04114583333333333 0.08796296296296297
1 0.5856770833333333 0.30833333333333335 0.030729166666666665 0.1
1 0.6497395833333334 0.3199074074074074 0.016145833333333335 0.023148148148148147
1 0.39505208333333336 0.44722222222222224 0.018229166666666668 0.037037037037037035
1 0.6403645833333333 0.3013888888888889 0.03177083333333333 0.09537037037037037
1 0.32578125 0.4111111111111111 0.027604166666666666 0.04814814814814815
1 0.9640625 0.36944444444444446 0.041666666666666664 0.13333333333333333
0 0.32578125 0.41064814814814815 0.0078125 0.013888888888888888