1 0.49947916666666664 0.6194444444444445 0.9947916666666666 0.7518518518518519
1 0.7536458333333333 0.32314814814814813 0.015625 0.027777777777777776
1 0.4895833333333333 0.6314814814814815 0.034375 0.1425925925925926
1 0.7963541666666667 0.5875 0.042708333333333334 0.1361111111111111
1 0.7872395833333333 0.449537037037037 0.033854166666666664 0.10648148148148148
1 0.25390625 0.3421296296296296 0.0296875 0.10277777777777777
1 0.2877604166666667 0.3509259259259259 0.0296875 0.10185185185185185
1 0.46588541666666666 0.2625 0.0328125 0.09351851851851851
1 0.1765625 0.2851851851851852 0.03125 0.0962962962962963
1 0.6221354166666667 0.31157407407407406 0.0390625 0.08796296296296297
1 0.06328125 0.2828703703703704 0.027604166666666666 0.10462962962962963
1 0.89609375 0.33194444444444443 0.030729166666666665 0.09537037037037037
1 0.9830729166666666 0.48333333333333334 0.0296875 0.12407407407407407
1 0.8239583333333333 0.32731481481481484 0.030208333333333334 0.09537037037037037
1 0.7734375 0.37407407407407406 0.03125 0.0962962962962963
0 0.753125 0.3212962962962963 0.007291666666666667 0.012962962962962963