1 0.49921875 0.5722222222222222 0.9942708333333333 0.8444444444444444
1 0.759375 0.6055555555555555 0.016666666666666666 0.03148148148148148
1 0.37005208333333334 0.5777777777777777 0.0328125 0.11481481481481481
1 0.17473958333333334 0.5208333333333334 0.04635416666666667 0.1175925925925926
1 0.7872395833333333 0.5638888888888889 0.0296875 0.11851851851851852
1 0.7098958333333333 0.46064814814814814 0.030208333333333334 0.09907407407407408
1 0.3377604166666667 0.42824074074074076 0.03177083333333333 0.09351851851851851
1 0.4669270833333333 0.4550925925925926 0.0296875 0.09722222222222222
1 0.8674479166666667 0.387037037037037 0.0296875 0.08888888888888889
1 0.5015625 0.48333333333333334 0.03125 0.1037037037037037
1 0.20625 0.3074074074074074 0.029166666666666667 0.08518518518518518
1 0.5786458333333333 0.3125 0.030208333333333334 0.08425925925925926
1 0.7890625 0.37777777777777777 0.026041666666666668 0.09444444444444444
1 0.4270833333333333 0.37546296296296294 0.03229166666666667 0.08981481481481482
1 0.2565104166666667 0.5685185185185185 0.034895833333333334 0.10740740740740741
1 0.2328125 0.5305555555555556 0.03125 0.1037037037037037
1 0.4627604166666667 0.35509259259259257 0.0328125 0.08796296296296297
1 0.83046875 0.2828703703703704 0.024479166666666666 0.07685185185185185
1 0.7588541666666667 0.6060185185185185 0.027083333333333334 0.04722222222222222
1 0.6580729166666667 0.2537037037037037 0.025520833333333333 0.07407407407407407
0 0.7588541666666667 0.6041666666666666 0.008333333333333333 0.01574074074074074