1 0.53984375 0.8601851851851852 0.019270833333333334 0.03333333333333333
1 0.49947916666666664 0.6185185185185185 0.9947916666666666 0.7537037037037037
1 0.646875 0.8097222222222222 0.03229166666666667 0.1361111111111111
1 0.44817708333333334 0.8601851851851852 0.04114583333333333 0.13518518518518519
1 0.21614583333333334 0.39490740740740743 0.025 0.09537037037037037
1 0.39375 0.6722222222222223 0.030208333333333334 0.11851851851851852
1 0.8424479166666666 0.4425925925925926 0.022395833333333334 0.09814814814814815
1 0.4908854166666667 0.524537037037037 0.0296875 0.10462962962962963
1 0.7270833333333333 0.4842592592592593 0.027083333333333334 0.1037037037037037
1 0.6979166666666666 0.4324074074074074 0.029166666666666667 0.08703703703703704
1 0.7158854166666667 0.35833333333333334 0.022395833333333334 0.08148148148148149
1 0.56015625 0.5296296296296297 0.025520833333333333 0.10555555555555556
0 0.5395833333333333 0.8574074074074074 0.010416666666666666 0.018518518518518517