1 0.49947916666666664 0.6152777777777778 0.9947916666666666 0.7583333333333333
1 0.44479166666666664 0.4375 0.022916666666666665 0.030555555555555555
1 0.5309895833333333 0.524074074074074 0.0359375 0.12777777777777777
1 0.7447916666666666 0.5569444444444445 0.03229166666666667 0.1287037037037037
1 0.16744791666666667 0.5527777777777778 0.04114583333333333 0.1259259259259259
1 0.6453125 0.6324074074074074 0.040625 0.13148148148148148
1 0.44505208333333335 0.4375 0.03177083333333333 0.04722222222222222
1 0.2125 0.5476851851851852 0.042708333333333334 0.11944444444444445
1 0.6130208333333333 0.35555555555555557 0.03854166666666667 0.08888888888888889
1 0.6315104166666666 0.425 0.028645833333333332 0.09259259259259259
1 0.66328125 0.4550925925925926 0.0265625 0.09907407407407408
0 0.44453125 0.4361111111111111 0.016145833333333335 0.016666666666666666