1 0.49947916666666664 0.562962962962963 0.99375 0.8629629629629629
1 0.5369791666666667 0.6074074074074074 0.052083333333333336 0.1111111111111111
1 0.32317708333333334 0.49398148148148147 0.0390625 0.11388888888888889
1 0.9057291666666667 0.5763888888888888 0.04375 0.13240740740740742
1 0.60859375 0.40185185185185185 0.04739583333333333 0.10185185185185185
1 0.77109375 0.399537037037037 0.04635416666666667 0.10092592592592593
1 0.5747395833333333 0.3402777777777778 0.04635416666666667 0.08796296296296297
1 0.384375 0.2865740740740741 0.030208333333333334 0.08796296296296297
1 0.04895833333333333 0.4689814814814815 0.0375 0.11574074074074074
1 0.12395833333333334 0.4111111111111111 0.029166666666666667 0.10555555555555556
1 0.6455729166666667 0.3143518518518518 0.0328125 0.08425925925925926
1 0.5580729166666667 0.3638888888888889 0.015104166666666667 0.03148148148148148
1 0.04401041666666667 0.6013888888888889 0.049479166666666664 0.12685185185185185
1 0.6197916666666666 0.4351851851851852 0.01875 0.025925925925925925
1 0.5057291666666667 0.25277777777777777 0.03854166666666667 0.08518518518518518
1 0.49270833333333336 0.27037037037037037 0.014583333333333334 0.027777777777777776
1 0.1921875 0.3888888888888889 0.036458333333333336 0.11296296296296296
1 0.25833333333333336 0.3592592592592593 0.030208333333333334 0.10925925925925926
1 0.43411458333333336 0.40879629629629627 0.0359375 0.11388888888888889
1 0.21666666666666667 0.3699074074074074 0.034375 0.10648148148148148
1 0.7252604166666666 0.3814814814814815 0.04114583333333333 0.08888888888888889
1 0.3893229166666667 0.4513888888888889 0.034895833333333334 0.09722222222222222