1 0.15885416666666666 0.6231481481481481 0.017708333333333333 0.03148148148148148
1 0.49921875 0.5893518518518519 0.9942708333333333 0.8101851851851852
1 0.11875 0.5726851851851852 0.05625 0.11203703703703703
1 0.5658854166666667 0.5287037037037037 0.0265625 0.12037037037037036
1 0.6994791666666667 0.6208333333333333 0.03229166666666667 0.12314814814814815
1 0.08567708333333333 0.4337962962962963 0.027604166666666666 0.10833333333333334
1 0.24479166666666666 0.4101851851851852 0.036458333333333336 0.08518518518518518
1 0.7838541666666666 0.3625 0.035416666666666666 0.09722222222222222
1 0.42291666666666666 0.5115740740740741 0.042708333333333334 0.11018518518518519
1 0.471875 0.4625 0.034375 0.09722222222222222
0 0.15859375 0.6203703703703703 0.009895833333333333 0.016666666666666666