1 0.49921875 0.6337962962962963 0.9942708333333333 0.7212962962962963
1 0.42135416666666664 0.44305555555555554 0.03229166666666667 0.09351851851851851
1 0.4348958333333333 0.6231481481481481 0.04479166666666667 0.12037037037037036
1 0.32317708333333334 0.49027777777777776 0.044270833333333336 0.10092592592592593
1 0.42526041666666664 0.4759259259259259 0.0171875 0.027777777777777776
1 0.6854166666666667 0.49537037037037035 0.030208333333333334 0.1
1 0.24609375 0.34675925925925927 0.03697916666666667 0.08425925925925926
1 0.24192708333333332 0.537962962962963 0.0515625 0.11851851851851852
1 0.67890625 0.5208333333333334 0.016145833333333335 0.032407407407407406
1 0.22682291666666668 0.46620370370370373 0.04739583333333333 0.08611111111111111
1 0.3528645833333333 0.35555555555555557 0.03177083333333333 0.08148148148148149
1 0.03411458333333333 0.3824074074074074 0.03177083333333333 0.08888888888888889
1 0.018229166666666668 0.55 0.034375 0.12037037037037036
1 0.2359375 0.3731481481481482 0.016666666666666666 0.03148148148148148