1 0.49947916666666664 0.6032407407407407 0.9958333333333333 0.7842592592592592
1 0.4466145833333333 0.6018518518518519 0.0328125 0.12407407407407407
1 0.5611979166666666 0.7791666666666667 0.03697916666666667 0.15648148148148147
1 0.21953125 0.6976851851851852 0.018229166666666668 0.032407407407407406
1 0.246875 0.7476851851851852 0.035416666666666666 0.1527777777777778
1 0.7682291666666666 0.5657407407407408 0.041666666666666664 0.12777777777777777
1 0.22317708333333333 0.6462962962962963 0.0359375 0.13333333333333333
1 0.9369791666666667 0.6541666666666667 0.03854166666666667 0.14907407407407408
1 0.6903645833333333 0.4337962962962963 0.030729166666666665 0.11388888888888889
1 0.8010416666666667 0.42592592592592593 0.029166666666666667 0.11481481481481481
1 0.5348958333333333 0.5162037037037037 0.0375 0.1175925925925926
1 0.48671875 0.375 0.0453125 0.1111111111111111
1 0.7244791666666667 0.2763888888888889 0.016666666666666666 0.030555555555555555
1 0.70390625 0.5578703703703703 0.033854166666666664 0.12314814814814815
1 0.20885416666666667 0.5421296296296296 0.035416666666666666 0.11944444444444445
1 0.43020833333333336 0.39166666666666666 0.035416666666666666 0.1037037037037037
1 0.63515625 0.40879629629629627 0.03802083333333333 0.09537037037037037
1 0.334375 0.43194444444444446 0.029166666666666667 0.11574074074074074
1 0.87265625 0.9481481481481482 0.08072916666666667 0.09814814814814815
1 0.6630208333333333 0.4787037037037037 0.015625 0.024074074074074074
1 0.6606770833333333 0.36712962962962964 0.0328125 0.05462962962962963
0 0.72421875 0.274537037037037 0.0078125 0.01574074074074074