1 0.5401041666666667 0.8601851851851852 0.01875 0.03333333333333333
1 0.49947916666666664 0.6189814814814815 0.9947916666666666 0.7527777777777778
1 0.44427083333333334 0.8587962962962963 0.03333333333333333 0.13796296296296295
1 0.646875 0.8097222222222222 0.03229166666666667 0.1361111111111111
1 0.39375 0.6717592592592593 0.030208333333333334 0.11944444444444445
1 0.49140625 0.524537037037037 0.028645833333333332 0.10462962962962963
1 0.21536458333333333 0.39444444444444443 0.025520833333333333 0.09444444444444444
1 0.7229166666666667 0.4837962962962963 0.03229166666666667 0.10277777777777777
1 0.84296875 0.4425925925925926 0.022395833333333334 0.09814814814814815
1 0.5614583333333333 0.5310185185185186 0.025 0.10277777777777777
1 0.7192708333333333 0.35833333333333334 0.023958333333333335 0.08333333333333333
1 0.45026041666666666 0.8694444444444445 0.016145833333333335 0.037037037037037035
1 0.703125 0.4287037037037037 0.023958333333333335 0.09074074074074075
0 0.53984375 0.8574074074074074 0.009895833333333333 0.018518518518518517