1 0.49921875 0.55 0.9942708333333333 0.8907407407407407
1 0.23567708333333334 0.5800925925925926 0.0171875 0.030555555555555555
1 0.5859375 0.6458333333333334 0.03854166666666667 0.11944444444444445
1 0.8796875 0.8 0.04791666666666667 0.1111111111111111
1 0.6098958333333333 0.5125 0.042708333333333334 0.10462962962962963
1 0.11901041666666666 0.4601851851851852 0.0265625 0.10555555555555556
1 0.26328125 0.3837962962962963 0.030729166666666665 0.09537037037037037
1 0.63671875 0.3425925925925926 0.034895833333333334 0.09259259259259259
1 0.21223958333333334 0.5527777777777778 0.03177083333333333 0.1111111111111111
1 0.6197916666666666 0.6453703703703704 0.030208333333333334 0.13518518518518519
1 0.46197916666666666 0.4837962962962963 0.03958333333333333 0.09537037037037037
1 0.1578125 0.3972222222222222 0.03125 0.10555555555555556
1 0.3809895833333333 0.4217592592592593 0.03177083333333333 0.10092592592592593
1 0.35911458333333335 0.3194444444444444 0.03802083333333333 0.07222222222222222
1 0.3984375 0.425462962962963 0.036458333333333336 0.09537037037037037
1 0.33645833333333336 0.34074074074074073 0.03125 0.09814814814814815
0 0.23541666666666666 0.5777777777777777 0.009375 0.016666666666666666