1 0.49921875 0.5402777777777777 0.9942708333333333 0.9083333333333333
1 0.6 0.5564814814814815 0.030208333333333334 0.11851851851851852
1 0.5994791666666667 0.43148148148148147 0.028125 0.10555555555555556
1 0.9557291666666666 0.3527777777777778 0.03125 0.1
1 0.5901041666666667 0.3138888888888889 0.029166666666666667 0.09074074074074075
1 0.3184895833333333 0.924074074074074 0.027604166666666666 0.03888888888888889
1 0.47161458333333334 0.21944444444444444 0.016145833333333335 0.02962962962962963
1 0.81328125 0.23796296296296296 0.0296875 0.07777777777777778
1 0.7177083333333333 0.2833333333333333 0.028125 0.09444444444444444
1 0.68359375 0.30972222222222223 0.0171875 0.03425925925925926
1 0.8296875 0.22268518518518518 0.028125 0.08796296296296297
1 0.05703125 0.8203703703703704 0.04114583333333333 0.09074074074074075