1 0.49947916666666664 0.562962962962963 0.99375 0.8629629629629629
1 0.73984375 0.7046296296296296 0.0328125 0.11851851851851852
1 0.6815104166666667 0.4759259259259259 0.03697916666666667 0.1037037037037037
1 0.4739583333333333 0.5231481481481481 0.03333333333333333 0.10185185185185185
1 0.3953125 0.45416666666666666 0.030208333333333334 0.09537037037037037
1 0.9765625 0.6148148148148148 0.030208333333333334 0.11481481481481481
1 0.6046875 0.31296296296296294 0.035416666666666666 0.08333333333333333
1 0.446875 0.38657407407407407 0.014583333333333334 0.025
1 0.9221354166666667 0.35648148148148145 0.0234375 0.08703703703703704
1 0.75078125 0.4013888888888889 0.0328125 0.08981481481481482
1 0.21640625 0.937037037037037 0.04010416666666667 0.11851851851851852
1 0.4703125 0.3435185185185185 0.023958333333333335 0.07592592592592592
1 0.45390625 0.38657407407407407 0.0359375 0.08055555555555556
1 0.365625 0.29212962962962963 0.03125 0.06944444444444445
1 0.725 0.3194444444444444 0.030208333333333334 0.08333333333333333