1 0.49921875 0.575462962962963 0.9932291666666667 0.8379629629629629
1 0.3859375 0.7925925925925926 0.03333333333333333 0.15
1 0.7080729166666667 0.687962962962963 0.04010416666666667 0.14074074074074075
1 0.9177083333333333 0.43472222222222223 0.015625 0.026851851851851852
1 0.5174479166666667 0.5935185185185186 0.034895833333333334 0.14074074074074075
1 0.2994791666666667 0.6106481481481482 0.04479166666666667 0.14351851851851852
1 0.790625 0.562962962962963 0.03854166666666667 0.1259259259259259
1 0.2875 0.4027777777777778 0.03854166666666667 0.11851851851851852
1 0.6791666666666667 0.46435185185185185 0.03333333333333333 0.1175925925925926
1 0.8231770833333333 0.48148148148148145 0.03177083333333333 0.12037037037037036
1 0.34270833333333334 0.3861111111111111 0.034375 0.11666666666666667
1 0.5010416666666667 0.42592592592592593 0.03854166666666667 0.1111111111111111
1 0.21901041666666668 0.487962962962963 0.030729166666666665 0.11666666666666667
1 0.39114583333333336 0.42083333333333334 0.03125 0.11388888888888889
1 0.6044270833333333 0.4023148148148148 0.0296875 0.11574074074074074
1 0.5471354166666667 0.41944444444444445 0.034895833333333334 0.11481481481481481
1 0.4140625 0.3148148148148148 0.027083333333333334 0.08518518518518518
1 0.7481770833333333 0.3416666666666667 0.030729166666666665 0.11296296296296296
1 0.39166666666666666 0.8527777777777777 0.017708333333333333 0.03333333333333333
0 0.6510416666666666 0.22916666666666666 0.015625 0.041666666666666664
0 0.628125 0.22083333333333333 0.015625 0.03981481481481482
0 0.44921875 0.1527777777777778 0.0140625 0.037037037037037035
0 0.4705729166666667 0.1597222222222222 0.0140625 0.03796296296296296