1 0.49947916666666664 0.6828703703703703 0.9947916666666666 0.625
1 0.39010416666666664 0.674074074074074 0.017708333333333333 0.02962962962962963
1 0.9369791666666667 0.7833333333333333 0.03854166666666667 0.11851851851851852
1 0.6666666666666666 0.5768518518518518 0.034375 0.08333333333333333
1 0.19921875 0.6828703703703703 0.0359375 0.09722222222222222
1 0.684375 0.5277777777777778 0.028125 0.09444444444444444
1 0.58515625 0.6453703703703704 0.030729166666666665 0.09074074074074075
1 0.44375 0.5208333333333334 0.026041666666666668 0.08611111111111111
1 0.38984375 0.6148148148148148 0.0328125 0.08518518518518518
1 0.25 0.5856481481481481 0.028125 0.09907407407407408
1 0.22890625 0.5351851851851852 0.03697916666666667 0.046296296296296294
1 0.05546875 0.5680555555555555 0.030729166666666665 0.10462962962962963
1 0.5794270833333334 0.5291666666666667 0.027604166666666666 0.09351851851851851
1 0.2526041666666667 0.49583333333333335 0.03229166666666667 0.09166666666666666
1 0.390625 0.5388888888888889 0.030208333333333334 0.11296296296296296
1 0.590625 0.5694444444444444 0.029166666666666667 0.1
1 0.4739583333333333 0.5902777777777778 0.03125 0.09537037037037037
1 0.5229166666666667 0.5745370370370371 0.029166666666666667 0.08981481481481482
1 0.24817708333333333 0.5324074074074074 0.07447916666666667 0.053703703703703705
0 0.38958333333333334 0.6717592592592593 0.008333333333333333 0.012037037037037037