1 0.2296875 0.763425925925926 0.09791666666666667 0.287962962962963
1 0.49973958333333335 0.7675925925925926 0.9953125 0.4537037037037037
1 0.31666666666666665 0.6412037037037037 0.022916666666666665 0.03425925925925926
1 0.8234375 0.7125 0.07083333333333333 0.32314814814814813
1 0.5533854166666666 0.7129629629629629 0.06614583333333333 0.337037037037037
1 0.46796875 0.6962962962962963 0.06927083333333334 0.34629629629629627
1 0.24817708333333333 0.8652777777777778 0.024479166666666666 0.06018518518518518
1 0.2716145833333333 0.5800925925925926 0.11197916666666667 0.16018518518518518
1 0.5838541666666667 0.5935185185185186 0.09479166666666666 0.2740740740740741
1 0.20651041666666667 0.7666666666666667 0.022395833333333334 0.04259259259259259
1 0.25677083333333334 0.8703703703703703 0.042708333333333334 0.07222222222222222