1 0.49921875 0.5236111111111111 0.9942708333333333 0.9398148148148148
1 0.5916666666666667 0.5824074074074074 0.01875 0.03333333333333333
1 0.60546875 0.5953703703703703 0.04114583333333333 0.1111111111111111
1 0.39791666666666664 0.5226851851851851 0.0375 0.11574074074074074
1 0.5356770833333333 0.5879629629629629 0.06822916666666666 0.0962962962962963
1 0.7354166666666667 0.4097222222222222 0.035416666666666666 0.10277777777777777
1 0.17239583333333333 0.3541666666666667 0.03125 0.09537037037037037
1 0.39166666666666666 0.34629629629629627 0.028125 0.08888888888888889
1 0.78515625 0.35185185185185186 0.028645833333333332 0.09814814814814815
1 0.24895833333333334 0.2490740740740741 0.034375 0.09074074074074075
1 0.5221354166666666 0.2638888888888889 0.0296875 0.08888888888888889
1 0.027864583333333335 0.3199074074074074 0.04010416666666667 0.09907407407407408
1 0.5799479166666667 0.23796296296296296 0.03177083333333333 0.08518518518518518
1 0.28411458333333334 0.18055555555555555 0.034895833333333334 0.08148148148148149
1 0.6768229166666667 0.28379629629629627 0.027604166666666666 0.09166666666666666
1 0.3221354166666667 0.34120370370370373 0.028645833333333332 0.09351851851851851
1 0.45677083333333335 0.16666666666666666 0.03333333333333333 0.08333333333333333
1 0.4859375 0.22037037037037038 0.03125 0.07777777777777778
1 0.6106770833333334 0.325 0.027604166666666666 0.09074074074074075
0 0.5908854166666667 0.5800925925925926 0.0109375 0.019444444444444445