1 0.18671875 0.6810185185185185 0.016145833333333335 0.030555555555555555
1 0.49973958333333335 0.6083333333333333 0.9953125 0.774074074074074
1 0.65625 0.7865740740740741 0.03854166666666667 0.12685185185185185
1 0.26067708333333334 0.6199074074074075 0.028645833333333332 0.09351851851851851
1 0.6671875 0.8199074074074074 0.016666666666666666 0.03425925925925926
1 0.16666666666666666 0.6532407407407408 0.034375 0.10833333333333334
1 0.5833333333333334 0.6231481481481481 0.030208333333333334 0.11481481481481481
1 0.8338541666666667 0.6925925925925925 0.03333333333333333 0.11481481481481481
1 0.8513020833333333 0.5398148148148149 0.030729166666666665 0.09259259259259259
1 0.44427083333333334 0.5083333333333333 0.030208333333333334 0.09814814814814815
1 0.46979166666666666 0.5032407407407408 0.035416666666666666 0.0787037037037037
1 0.18098958333333334 0.9277777777777778 0.024479166666666666 0.04259259259259259
1 0.6557291666666667 0.42916666666666664 0.023958333333333335 0.08611111111111111
1 0.89296875 0.38796296296296295 0.0265625 0.07962962962962963
0 0.18645833333333334 0.6782407407407407 0.008333333333333333 0.01574074074074074