1 0.49947916666666664 0.6962962962962963 0.9947916666666666 0.5981481481481481
1 0.46119791666666665 0.6527777777777778 0.0265625 0.10555555555555556
1 0.2578125 0.7268518518518519 0.03125 0.12037037037037036
1 0.5799479166666667 0.687962962962963 0.04739583333333333 0.1259259259259259
1 0.2869791666666667 0.5597222222222222 0.015625 0.026851851851851852
1 0.3145833333333333 0.6157407407407407 0.03229166666666667 0.0962962962962963
1 0.08645833333333333 0.5967592592592592 0.03333333333333333 0.10092592592592593
1 0.7028645833333333 0.5481481481481482 0.027604166666666666 0.07777777777777778
1 0.6895833333333333 0.5986111111111111 0.028125 0.09166666666666666
1 0.63828125 0.5578703703703703 0.025520833333333333 0.09166666666666666
1 0.26953125 0.524537037037037 0.034895833333333334 0.08055555555555556
1 0.478125 0.5638888888888889 0.025 0.09259259259259259
1 0.4348958333333333 0.5412037037037037 0.036458333333333336 0.11018518518518519
1 0.6033854166666667 0.5967592592592592 0.0328125 0.09907407407407408
1 0.5075520833333333 0.5449074074074074 0.024479166666666666 0.08981481481481482
1 0.5552083333333333 0.6041666666666666 0.025 0.10648148148148148
0 0.2864583333333333 0.5574074074074075 0.007291666666666667 0.011111111111111112