1 0.47708333333333336 0.736574074074074 0.017708333333333333 0.032407407407407406
1 0.49947916666666664 0.6296296296296297 0.99375 0.7314814814814815
1 0.31640625 0.6777777777777778 0.03697916666666667 0.12407407407407407
1 0.08932291666666667 0.6175925925925926 0.0578125 0.11666666666666667
1 0.14427083333333332 0.7712962962962963 0.06041666666666667 0.13703703703703704
1 0.20989583333333334 0.8625 0.05520833333333333 0.1638888888888889
1 0.2421875 0.6041666666666666 0.058333333333333334 0.11388888888888889
1 0.8833333333333333 0.48518518518518516 0.034375 0.09444444444444444
1 0.07682291666666667 0.9333333333333333 0.05364583333333333 0.1259259259259259
1 0.47734375 0.7361111111111112 0.0265625 0.046296296296296294
0 0.47682291666666665 0.7342592592592593 0.009895833333333333 0.018518518518518517