1 0.49947916666666664 0.5884259259259259 0.9947916666666666 0.8138888888888889
1 0.28619791666666666 0.4351851851851852 0.0234375 0.03148148148148148
1 0.6265625 0.6305555555555555 0.036458333333333336 0.13703703703703704
1 0.72890625 0.5157407407407407 0.034895833333333334 0.12222222222222222
1 0.4388020833333333 0.736574074074074 0.03697916666666667 0.14166666666666666
1 0.14557291666666666 0.6101851851851852 0.0359375 0.1388888888888889
1 0.08984375 0.6800925925925926 0.050520833333333334 0.13240740740740742
1 0.915625 0.8564814814814815 0.041666666666666664 0.15555555555555556
1 0.634375 0.5 0.028125 0.10740740740740741
1 0.56171875 0.6134259259259259 0.0390625 0.12129629629629629
1 0.4895833333333333 0.5277777777777778 0.03125 0.12962962962962962
1 0.46380208333333334 0.5032407407407408 0.0328125 0.11944444444444445
1 0.4921875 0.4273148148148148 0.035416666666666666 0.10462962962962963
0 0.28671875 0.4324074074074074 0.015104166666666667 0.016666666666666666