1 0.66796875 0.5296296296296297 0.0171875 0.03148148148148148
1 0.49921875 0.5254629629629629 0.9942708333333333 0.937962962962963
1 0.3768229166666667 0.5537037037037037 0.0359375 0.12037037037037036
1 0.23177083333333334 0.2587962962962963 0.0375 0.08981481481481482
1 0.5588541666666667 0.55 0.052083333333333336 0.0962962962962963
1 0.30130208333333336 0.35 0.03802083333333333 0.09259259259259259
1 0.46015625 0.22685185185185186 0.028645833333333332 0.07777777777777778
1 0.365625 0.3560185185185185 0.03333333333333333 0.09907407407407408
1 0.7229166666666667 0.2625 0.028125 0.10462962962962963
1 0.4609375 0.5851851851851851 0.040625 0.1259259259259259
1 0.7229166666666667 0.4166666666666667 0.041666666666666664 0.08518518518518518
1 0.6015625 0.32685185185185184 0.030208333333333334 0.09074074074074075
1 0.5822916666666667 0.6208333333333333 0.03958333333333333 0.11203703703703703
1 0.16145833333333334 0.36203703703703705 0.030208333333333334 0.09259259259259259
1 0.7598958333333333 0.35324074074074074 0.03854166666666667 0.0824074074074074
1 0.26901041666666664 0.18611111111111112 0.0390625 0.07962962962962963
1 0.496875 0.274537037037037 0.03229166666666667 0.08981481481481482
1 0.55546875 0.23796296296296296 0.0265625 0.08333333333333333
1 0.019270833333333334 0.33101851851851855 0.036458333333333336 0.10092592592592593
1 0.6651041666666667 0.28935185185185186 0.029166666666666667 0.08611111111111111
1 0.6682291666666667 0.5300925925925926 0.030208333333333334 0.05092592592592592
0 0.6677083333333333 0.5277777777777778 0.009375 0.014814814814814815