1 0.49921875 0.5930555555555556 0.99375 0.6305555555555555
1 0.04140625 0.6729166666666667 0.0734375 0.14583333333333334
1 0.819921875 0.4388888888888889 0.03671875 0.10277777777777777
1 0.423046875 0.4111111111111111 0.02734375 0.09166666666666666
1 0.322265625 0.4756944444444444 0.03515625 0.1125
1 0.368359375 0.3611111111111111 0.03046875 0.07777777777777778
1 0.16484375 0.5236111111111111 0.0453125 0.11388888888888889
1 0.61328125 0.49930555555555556 0.0171875 0.02638888888888889
1 0.280078125 0.3951388888888889 0.03359375 0.09305555555555556
1 0.07578125 0.5923611111111111 0.0390625 0.12916666666666668
1 0.088671875 0.5736111111111111 0.01484375 0.027777777777777776
1 0.24609375 0.44305555555555554 0.034375 0.10833333333333334
1 0.144140625 0.4652777777777778 0.04765625 0.1111111111111111
1 0.349609375 0.42430555555555555 0.03203125 0.10138888888888889
1 0.321484375 0.3388888888888889 0.02578125 0.09444444444444444
1 0.0109375 0.7097222222222223 0.0140625 0.027777777777777776