1 0.49921875 0.5907407407407408 0.9953125 0.8092592592592592
1 0.6638020833333333 0.6240740740740741 0.034895833333333334 0.13703703703703704
1 0.46432291666666664 0.749537037037037 0.0359375 0.14537037037037037
1 0.7372395833333333 0.49953703703703706 0.04114583333333333 0.11203703703703703
1 0.15416666666666667 0.6023148148148149 0.036458333333333336 0.13425925925925927
1 0.6614583333333334 0.48703703703703705 0.029166666666666667 0.1037037037037037
1 0.95078125 0.8486111111111111 0.0859375 0.16574074074074074
1 0.44088541666666664 0.4597222222222222 0.0328125 0.10462962962962963
1 0.51875 0.6041666666666666 0.034375 0.13055555555555556
1 0.39609375 0.44305555555555554 0.03177083333333333 0.11944444444444445
1 0.3111979166666667 0.45416666666666666 0.0265625 0.03425925925925926
1 0.022916666666666665 0.7106481481481481 0.04479166666666667 0.15462962962962962
1 0.5018229166666667 0.4986111111111111 0.033854166666666664 0.12314814814814815