1 0.49947916666666664 0.5861111111111111 0.9947916666666666 0.8166666666666667
1 0.4513020833333333 0.3907407407407407 0.016145833333333335 0.027777777777777776
1 0.4317708333333333 0.7296296296296296 0.034375 0.1388888888888889
1 0.7174479166666666 0.5148148148148148 0.034895833333333334 0.1259259259259259
1 0.10885416666666667 0.6564814814814814 0.053125 0.13333333333333333
1 0.61875 0.6277777777777778 0.036458333333333336 0.14074074074074075
1 0.91015625 0.8546296296296296 0.04010416666666667 0.1685185185185185
1 0.27578125 0.42777777777777776 0.024479166666666666 0.03333333333333333
1 0.14401041666666667 0.6064814814814815 0.03697916666666667 0.13148148148148148
1 0.475 0.5282407407407408 0.03229166666666667 0.11944444444444445
1 0.625 0.5023148148148148 0.030208333333333334 0.10277777777777777
1 0.5744791666666667 0.6106481481481482 0.03125 0.12129629629629629
1 0.47890625 0.4583333333333333 0.016145833333333335 0.03333333333333333
1 0.4552083333333333 0.5013888888888889 0.036458333333333336 0.11944444444444445
1 0.44244791666666666 0.4236111111111111 0.043229166666666666 0.09351851851851851
1 0.5002604166666667 0.42083333333333334 0.0328125 0.10462962962962963
0 0.4513020833333333 0.3888888888888889 0.0078125 0.012962962962962963
0 0.2760416666666667 0.425 0.015625 0.016666666666666666