1 0.49947916666666664 0.5611111111111111 0.9947916666666666 0.8666666666666667
1 0.37916666666666665 0.6884259259259259 0.035416666666666666 0.15462962962962962
1 0.80234375 0.4962962962962963 0.0453125 0.12962962962962962
1 0.3885416666666667 0.48194444444444445 0.035416666666666666 0.13425925925925927
1 0.5989583333333334 0.4550925925925926 0.042708333333333334 0.11944444444444445
1 0.6473958333333333 0.387037037037037 0.03229166666666667 0.1259259259259259
1 0.45625 0.38287037037037036 0.04583333333333333 0.11203703703703703
1 0.61328125 0.49074074074074076 0.016145833333333335 0.03148148148148148
1 0.7174479166666666 0.3194444444444444 0.03177083333333333 0.11851851851851852
1 0.33229166666666665 0.43472222222222223 0.053125 0.062037037037037036
1 0.8776041666666666 0.5199074074074074 0.040625 0.14722222222222223
1 0.5541666666666667 0.3486111111111111 0.042708333333333334 0.10833333333333334
1 0.325 0.37083333333333335 0.05 0.11018518518518519
1 0.24739583333333334 0.41435185185185186 0.020833333333333332 0.026851851851851852
1 0.8169270833333333 0.5416666666666666 0.016145833333333335 0.03333333333333333