1 0.49895833333333334 0.5587962962962963 0.99375 0.8712962962962963
1 0.34791666666666665 0.5560185185185185 0.04375 0.14722222222222223
1 0.5489583333333333 0.3574074074074074 0.035416666666666666 0.10925925925925926
1 0.4513020833333333 0.4027777777777778 0.044270833333333336 0.11296296296296296
1 0.21458333333333332 0.3402777777777778 0.036458333333333336 0.11203703703703703
1 0.5169270833333334 0.3037037037037037 0.0359375 0.09444444444444444
1 0.69921875 0.4675925925925926 0.0328125 0.12037037037037036
1 0.3528645833333333 0.3375 0.03802083333333333 0.11388888888888889
1 0.12786458333333334 0.26342592592592595 0.0265625 0.10277777777777777
1 0.7380208333333333 0.3138888888888889 0.030208333333333334 0.10555555555555556
1 0.7065104166666667 0.4083333333333333 0.033854166666666664 0.12222222222222222
1 0.378125 0.2861111111111111 0.036458333333333336 0.08703703703703704
1 0.04088541666666667 0.4393518518518518 0.03177083333333333 0.12685185185185185
1 0.07239583333333334 0.24444444444444444 0.03229166666666667 0.10185185185185185
1 0.045572916666666664 0.32314814814814813 0.0265625 0.11851851851851852