1 0.49947916666666664 0.8657407407407407 0.9958333333333333 0.2611111111111111
1 0.3216145833333333 0.4689814814814815 0.15364583333333334 0.6287037037037037
1 0.5010416666666667 0.5398148148148149 0.18229166666666666 0.48703703703703705
1 0.4557291666666667 0.48564814814814816 0.203125 0.625
1 0.7171875 0.6393518518518518 0.16875 0.22685185185185186
1 0.49921875 0.3888888888888889 0.9901041666666667 0.7592592592592593
1 0.6565104166666667 0.5356481481481481 0.2921875 0.43425925925925923
1 0.8286458333333333 0.42268518518518516 0.078125 0.2175925925925926
1 0.5234375 0.4740740740740741 0.5541666666666667 0.6333333333333333
0 0.44765625 0.6333333333333333 0.0484375 0.07962962962962963
0 0.5572916666666666 0.24814814814814815 0.058333333333333334 0.15555555555555556
0 0.6140625 0.25833333333333336 0.057291666666666664 0.1574074074074074