1 0.49973958333333335 0.6087962962962963 0.9953125 0.7731481481481481
1 0.18802083333333333 0.675 0.016666666666666666 0.03148148148148148
1 0.6458333333333334 0.7976851851851852 0.04791666666666667 0.1361111111111111
1 0.575 0.6152777777777778 0.027083333333333334 0.10462962962962963
1 0.17291666666666666 0.6388888888888888 0.034375 0.10185185185185185
1 0.4583333333333333 0.5018518518518519 0.028125 0.07962962962962963
1 0.2484375 0.6199074074074075 0.03229166666666667 0.09166666666666666
1 0.8296875 0.6990740740740741 0.0375 0.11851851851851852
1 0.66171875 0.8305555555555556 0.016145833333333335 0.03148148148148148
1 0.434375 0.5087962962962963 0.025 0.09537037037037037
1 0.8450520833333334 0.5398148148148149 0.0359375 0.09814814814814815
1 0.6630208333333333 0.4263888888888889 0.023958333333333335 0.08425925925925926
1 0.18567708333333333 0.9319444444444445 0.025520833333333333 0.04351851851851852
1 0.18359375 0.6319444444444444 0.0140625 0.026851851851851852
1 0.89921875 0.38842592592592595 0.021354166666666667 0.08055555555555556
1 0.6065104166666667 0.32037037037037036 0.025520833333333333 0.07592592592592592
0 0.1875 0.6726851851851852 0.008333333333333333 0.01574074074074074