1 0.49921875 0.5898148148148148 0.9942708333333333 0.8092592592592592
1 0.5002604166666667 0.4888888888888889 0.030729166666666665 0.1259259259259259
1 0.5567708333333333 0.5050925925925925 0.06458333333333334 0.14166666666666666
1 0.4627604166666667 0.44305555555555554 0.0296875 0.0787037037037037
1 0.3255208333333333 0.3662037037037037 0.03125 0.13055555555555556
1 0.265625 0.3472222222222222 0.03125 0.12777777777777777
1 0.10234375 0.41712962962962963 0.0578125 0.1175925925925926
1 0.37994791666666666 0.2962962962962963 0.0296875 0.09444444444444444
1 0.8510416666666667 0.5194444444444445 0.035416666666666666 0.03888888888888889
1 0.47994791666666664 0.3773148148148148 0.03697916666666667 0.1175925925925926
1 0.07005208333333333 0.37592592592592594 0.0578125 0.12407407407407407
1 0.57734375 0.412962962962963 0.0296875 0.10740740740740741