1 0.49947916666666664 0.6736111111111112 0.9947916666666666 0.6416666666666667
1 0.24453125 0.5078703703703704 0.0328125 0.08981481481481482
1 0.15911458333333334 0.6055555555555555 0.0328125 0.10925925925925926
1 0.7213541666666666 0.8870370370370371 0.042708333333333334 0.1537037037037037
1 0.71796875 0.5287037037037037 0.030729166666666665 0.09259259259259259
1 0.4075520833333333 0.6694444444444444 0.03802083333333333 0.10925925925925926
1 0.32864583333333336 0.5773148148148148 0.042708333333333334 0.11203703703703703
1 0.471875 0.6097222222222223 0.042708333333333334 0.11018518518518519
1 0.3809895833333333 0.5555555555555556 0.03697916666666667 0.1037037037037037
1 0.26640625 0.5625 0.033854166666666664 0.10648148148148148
1 0.43854166666666666 0.6111111111111112 0.03229166666666667 0.08888888888888889
1 0.3229166666666667 0.5078703703703704 0.05 0.07685185185185185
1 0.01640625 0.5791666666666667 0.03177083333333333 0.10648148148148148
1 0.45703125 0.6481481481481481 0.016145833333333335 0.03333333333333333