1 0.49947916666666664 0.49953703703703706 0.9927083333333333 0.9898148148148148
1 0.49244791666666665 0.5916666666666667 0.35989583333333336 0.8055555555555556
1 0.7455729166666667 0.38796296296296295 0.018229166666666668 0.03333333333333333
1 0.19036458333333334 0.16712962962962963 0.2578125 0.32685185185185184
1 0.63203125 0.6657407407407407 0.025520833333333333 0.040740740740740744
1 0.8674479166666667 0.4388888888888889 0.2609375 0.17222222222222222
1 0.32708333333333334 0.9037037037037037 0.026041666666666668 0.1425925925925926
1 0.7473958333333334 0.38981481481481484 0.028125 0.04814814814814815
1 0.6481770833333333 0.6046296296296296 0.0203125 0.03518518518518519
1 0.62890625 0.6675925925925926 0.04114583333333333 0.06481481481481481
1 0.6372395833333333 0.6388888888888888 0.043229166666666666 0.10185185185185185
1 0.22708333333333333 0.0712962962962963 0.3625 0.06296296296296296