1 0.49947916666666664 0.5675925925925925 0.9947916666666666 0.8537037037037037
1 0.234375 0.6666666666666666 0.016666666666666666 0.03148148148148148
1 0.6427083333333333 0.6648148148148149 0.05625 0.12777777777777777
1 0.4505208333333333 0.5365740740740741 0.04895833333333333 0.11203703703703703
1 0.2546875 0.6337962962962963 0.0375 0.11574074074074074
1 0.9341145833333333 0.8143518518518519 0.0609375 0.14907407407407408
1 0.33151041666666664 0.525 0.0453125 0.1111111111111111
1 0.13854166666666667 0.35324074074074074 0.021875 0.028703703703703703
1 0.7606770833333333 0.513425925925926 0.0484375 0.09722222222222222
1 0.5291666666666667 0.425462962962963 0.034375 0.09351851851851851
1 0.33359375 0.6972222222222222 0.043229166666666666 0.07962962962962963
1 0.6013020833333333 0.3449074074074074 0.03177083333333333 0.09351851851851851
1 0.6466145833333333 0.5458333333333333 0.0390625 0.11018518518518519
1 0.28046875 0.3333333333333333 0.04739583333333333 0.0962962962962963
1 0.7135416666666666 0.3527777777777778 0.035416666666666666 0.09259259259259259
1 0.7325520833333333 0.48703703703703705 0.027604166666666666 0.09259259259259259
1 0.23411458333333332 0.6666666666666666 0.025520833333333333 0.04259259259259259
0 0.23385416666666667 0.6643518518518519 0.009375 0.017592592592592594