1 0.49947916666666664 0.5393518518518519 0.99375 0.9120370370370371
1 0.71953125 0.4847222222222222 0.05260416666666667 0.12314814814814815
1 0.10390625 0.8189814814814815 0.059895833333333336 0.15648148148148147
1 0.19635416666666666 0.2791666666666667 0.041666666666666664 0.11388888888888889
1 0.52109375 0.21388888888888888 0.021354166666666667 0.03148148148148148
1 0.5604166666666667 0.6620370370370371 0.04791666666666667 0.1537037037037037
1 0.7013020833333333 0.5208333333333334 0.0171875 0.03611111111111111
1 0.125 0.45740740740740743 0.03333333333333333 0.1259259259259259
1 0.8421875 0.8564814814814815 0.04791666666666667 0.14814814814814814
1 0.9145833333333333 0.7435185185185185 0.040625 0.1537037037037037
1 0.5932291666666667 0.2861111111111111 0.03854166666666667 0.09444444444444444
1 0.47734375 0.27037037037037037 0.03697916666666667 0.1037037037037037
1 0.62890625 0.49398148148148147 0.044270833333333336 0.125
1 0.048177083333333336 0.2898148148148148 0.03802083333333333 0.12222222222222222
1 0.3703125 0.43148148148148147 0.05416666666666667 0.1814814814814815
0 0.5205729166666667 0.21203703703703702 0.0140625 0.014814814814814815