1 0.5908854166666667 0.525 0.0171875 0.03148148148148148
1 0.49921875 0.575 0.9942708333333333 0.8388888888888889
1 0.12786458333333334 0.5777777777777777 0.05364583333333333 0.11666666666666667
1 0.5471354166666667 0.4935185185185185 0.04114583333333333 0.11851851851851852
1 0.08229166666666667 0.7208333333333333 0.065625 0.14166666666666666
1 0.4513020833333333 0.47175925925925927 0.03177083333333333 0.11203703703703703
1 0.4078125 0.38425925925925924 0.04479166666666667 0.1
1 0.21223958333333334 0.4324074074074074 0.043229166666666666 0.10740740740740741
1 0.05703125 0.49027777777777776 0.0515625 0.11944444444444445
1 0.3736979166666667 0.35509259259259257 0.03697916666666667 0.09166666666666666
1 0.7572916666666667 0.3912037037037037 0.03333333333333333 0.10648148148148148
1 0.12395833333333334 0.47314814814814815 0.046875 0.11851851851851852
1 0.019791666666666666 0.3611111111111111 0.03854166666666667 0.12777777777777777
0 0.5908854166666667 0.5231481481481481 0.008854166666666666 0.016666666666666666