1 0.49947916666666664 0.6805555555555556 0.9947916666666666 0.6296296296296297
1 0.6013020833333333 0.43842592592592594 0.016145833333333335 0.028703703703703703
1 0.13489583333333333 0.7583333333333333 0.034375 0.11851851851851852
1 0.7309895833333333 0.7027777777777777 0.0359375 0.10740740740740741
1 0.63984375 0.586574074074074 0.03802083333333333 0.08425925925925926
1 0.7651041666666667 0.7851851851851852 0.04479166666666667 0.12407407407407407
1 0.4158854166666667 0.6046296296296296 0.0296875 0.09814814814814815
1 0.2565104166666667 0.5398148148148149 0.030729166666666665 0.08703703703703704
1 0.115625 0.625 0.030208333333333334 0.10185185185185185
1 0.6182291666666667 0.538425925925926 0.036458333333333336 0.08055555555555556
1 0.44895833333333335 0.48194444444444445 0.025 0.08425925925925926
1 0.5661458333333333 0.5740740740740741 0.03333333333333333 0.09074074074074075
1 0.10494791666666667 0.7754629629629629 0.0296875 0.12685185185185185
1 0.33932291666666664 0.5972222222222222 0.028645833333333332 0.10185185185185185
1 0.44140625 0.5537037037037037 0.033854166666666664 0.08703703703703704
1 0.2526041666666667 0.6439814814814815 0.030208333333333334 0.10462962962962963
1 0.03177083333333333 0.6523148148148148 0.040625 0.11018518518518519
1 0.69140625 0.6319444444444444 0.03802083333333333 0.10833333333333334
1 0.19244791666666666 0.4847222222222222 0.025520833333333333 0.08425925925925926
0 0.6010416666666667 0.43657407407407406 0.007291666666666667 0.013888888888888888