1 0.49895833333333334 0.6337962962962963 0.9947916666666666 0.7064814814814815
1 0.49921875 0.5291666666666667 0.018229166666666668 0.028703703703703703
1 0.38645833333333335 0.5444444444444444 0.04375 0.11851851851851852
1 0.5203125 0.4736111111111111 0.035416666666666666 0.09907407407407408
1 0.7846354166666667 0.5157407407407407 0.030729166666666665 0.1037037037037037
1 0.15807291666666667 0.4101851851851852 0.027604166666666666 0.09814814814814815
1 0.1 0.4930555555555556 0.0375 0.10648148148148148
1 0.03958333333333333 0.6134259259259259 0.04375 0.1361111111111111
1 0.9736979166666667 0.5421296296296296 0.03802083333333333 0.10462962962962963
1 0.453125 0.49953703703703706 0.0375 0.11944444444444445
1 0.03828125 0.5125 0.03697916666666667 0.12129629629629629
0 0.49921875 0.5273148148148148 0.009895833333333333 0.013888888888888888