1 0.49947916666666664 0.6800925925925926 0.9947916666666666 0.6305555555555555
1 0.11145833333333334 0.4828703703703704 0.041666666666666664 0.1398148148148148
1 0.5 0.48148148148148145 0.04375 0.1259259259259259
1 0.8377604166666667 0.46805555555555556 0.0609375 0.1361111111111111
1 0.4309895833333333 0.4222222222222222 0.0359375 0.0962962962962963
1 0.61875 0.5222222222222223 0.051041666666666666 0.14814814814814814
1 0.24296875 0.42407407407407405 0.027604166666666666 0.11481481481481481
1 0.09869791666666666 0.5319444444444444 0.016145833333333335 0.03425925925925926
1 0.5458333333333333 0.4740740740740741 0.040625 0.12962962962962962
1 0.5111979166666667 0.3611111111111111 0.0328125 0.07962962962962963
1 0.5953125 0.4699074074074074 0.0375 0.13240740740740742
1 0.010677083333333334 0.5064814814814815 0.0203125 0.14444444444444443