1 0.49895833333333334 0.5268518518518519 0.99375 0.9351851851851852
1 0.5747395833333333 0.36944444444444446 0.05572916666666667 0.05925925925925926
1 0.22447916666666667 0.5666666666666667 0.040625 0.13333333333333333
1 0.10104166666666667 0.6064814814814815 0.06354166666666666 0.13148148148148148
1 0.36666666666666664 0.4726851851851852 0.04479166666666667 0.13425925925925927
1 0.0984375 0.3912037037037037 0.03333333333333333 0.13055555555555556
1 0.8263020833333333 0.9166666666666666 0.06197916666666667 0.16111111111111112
1 0.26510416666666664 0.43194444444444446 0.06041666666666667 0.1175925925925926
1 0.4552083333333333 0.5180555555555556 0.05 0.08425925925925926
1 0.4895833333333333 0.6111111111111112 0.035416666666666666 0.15185185185185185
1 0.41171875 0.5222222222222223 0.0171875 0.03518518518518519
1 0.4244791666666667 0.47962962962962963 0.041666666666666664 0.12222222222222222
1 0.18151041666666667 0.4203703703703704 0.033854166666666664 0.13518518518518519
1 0.06692708333333333 0.29074074074074074 0.033854166666666664 0.11851851851851852
1 0.21744791666666666 0.3194444444444444 0.03802083333333333 0.1259259259259259
1 0.3065104166666667 0.3939814814814815 0.0390625 0.13055555555555556
1 0.26197916666666665 0.3296296296296296 0.034375 0.12777777777777777
1 0.48984375 0.5546296296296296 0.0671875 0.1388888888888889