1 0.290625 0.5666666666666667 0.5770833333333333 0.5944444444444444
1 0.28932291666666665 0.6078703703703704 0.0234375 0.05648148148148148
1 0.10598958333333333 0.5027777777777778 0.019270833333333334 0.05
1 0.029427083333333333 0.49537037037037035 0.022395833333333334 0.05555555555555555
1 0.10729166666666666 0.45046296296296295 0.020833333333333332 0.04537037037037037
1 0.32109375 0.37916666666666665 0.0140625 0.026851851851851852
1 0.0828125 0.44305555555555554 0.017708333333333333 0.04722222222222222
1 0.3338541666666667 0.3638888888888889 0.020833333333333332 0.05740740740740741
1 0.10026041666666667 0.41388888888888886 0.019270833333333334 0.046296296296296294
1 0.50546875 0.4810185185185185 0.11197916666666667 0.16944444444444445
1 0.20130208333333333 0.700925925925926 0.021354166666666667 0.05925925925925926
1 0.3609375 0.3787037037037037 0.2916666666666667 0.2037037037037037
1 0.5067708333333333 0.6370370370370371 0.11666666666666667 0.48518518518518516