1 0.4390625 0.6837962962962963 0.05416666666666667 0.15833333333333333
1 0.49921875 0.6569444444444444 0.9953125 0.6768518518518518
1 0.6734375 0.6523148148148148 0.022916666666666665 0.03611111111111111
1 0.04010416666666667 0.6462962962962963 0.07708333333333334 0.15185185185185185
1 0.12317708333333334 0.7583333333333333 0.018229166666666668 0.040740740740740744
1 0.17786458333333333 0.7490740740740741 0.050520833333333334 0.21481481481481482
1 0.1046875 0.8037037037037037 0.059375 0.21296296296296297
1 0.4200520833333333 0.562962962962963 0.05260416666666667 0.1537037037037037
1 0.06041666666666667 0.8777777777777778 0.05416666666666667 0.22777777777777777
1 0.8419270833333333 0.6615740740740741 0.027604166666666666 0.041666666666666664
1 0.41510416666666666 0.7032407407407407 0.023958333333333335 0.03611111111111111
0 0.6731770833333334 0.65 0.015104166666666667 0.022222222222222223
0 0.12369791666666667 0.7564814814814815 0.0109375 0.02962962962962963