1 0.22864583333333333 0.4212962962962963 0.021875 0.03518518518518519
1 0.49895833333333334 0.5069444444444444 0.99375 0.975
1 0.22916666666666666 0.3486111111111111 0.06666666666666667 0.08796296296296297
1 0.16380208333333332 0.7861111111111111 0.06510416666666667 0.1962962962962963
1 0.503125 0.5796296296296296 0.058333333333333334 0.14629629629629629
1 0.2203125 0.725925925925926 0.029166666666666667 0.02962962962962963
1 0.3463541666666667 0.48055555555555557 0.06354166666666666 0.14444444444444443
1 0.14296875 0.30833333333333335 0.05572916666666667 0.14074074074074075
1 0.15651041666666668 0.3611111111111111 0.0171875 0.03518518518518519
1 0.45546875 0.4736111111111111 0.0515625 0.16203703703703703
1 0.20598958333333334 0.37962962962962965 0.016145833333333335 0.025925925925925925
1 0.6244791666666667 0.4981481481481482 0.057291666666666664 0.1648148148148148
0 0.22838541666666667 0.41944444444444445 0.015104166666666667 0.024074074074074074