1 0.49921875 0.6143518518518518 0.9942708333333333 0.7620370370370371
1 0.6106770833333334 0.45416666666666666 0.030729166666666665 0.08611111111111111
1 0.6723958333333333 0.47638888888888886 0.035416666666666666 0.10092592592592593
1 0.20546875 0.861574074074074 0.04739583333333333 0.13425925925925927
1 0.3104166666666667 0.5625 0.040625 0.09907407407407408
1 0.49635416666666665 0.26851851851851855 0.014583333333333334 0.025925925925925925
1 0.2671875 0.5347222222222222 0.034375 0.10092592592592593
1 0.05677083333333333 0.35462962962962963 0.029166666666666667 0.08888888888888889
1 0.49635416666666665 0.34305555555555556 0.027083333333333334 0.07685185185185185
1 0.7200520833333334 0.3472222222222222 0.0359375 0.10555555555555556
1 0.27708333333333335 0.5273148148148148 0.014583333333333334 0.025
1 0.3684895833333333 0.43194444444444446 0.030729166666666665 0.08796296296296297
1 0.44869791666666664 0.3912037037037037 0.033854166666666664 0.08425925925925926
1 0.53125 0.30648148148148147 0.03125 0.07222222222222222
1 0.36354166666666665 0.3296296296296296 0.03125 0.08148148148148149
0 0.49583333333333335 0.26666666666666666 0.00625 0.011111111111111112