1 0.3294270833333333 0.6171296296296296 0.0203125 0.03611111111111111
1 0.49895833333333334 0.6060185185185185 0.9947916666666666 0.7787037037037037
1 0.3341145833333333 0.7606481481481482 0.0546875 0.15462962962962962
1 0.7354166666666667 0.475462962962963 0.058333333333333334 0.175
1 0.29296875 0.5810185185185185 0.0484375 0.15092592592592594
1 0.2830729166666667 0.7569444444444444 0.0484375 0.16203703703703703
1 0.18880208333333334 0.7092592592592593 0.0421875 0.15185185185185185
1 0.2234375 0.737037037037037 0.051041666666666666 0.19444444444444445
1 0.9528645833333333 0.5666666666666667 0.025520833333333333 0.04259259259259259
1 0.77890625 0.45601851851851855 0.27239583333333334 0.2953703703703704
0 0.32916666666666666 0.6148148148148148 0.0125 0.022222222222222223
0 0.9083333333333333 0.2777777777777778 0.028125 0.04814814814814815