1 0.41796875 0.14305555555555555 0.018229166666666668 0.03611111111111111
1 0.49921875 0.49953703703703706 0.9921875 0.9916666666666667
1 0.034375 0.7439814814814815 0.03854166666666667 0.1638888888888889
1 0.4830729166666667 0.5171296296296296 0.0265625 0.05462962962962963
1 0.6354166666666666 0.5263888888888889 0.04375 0.15648148148148147
1 0.040364583333333336 0.42824074074074076 0.050520833333333334 0.1361111111111111
1 0.14479166666666668 0.1986111111111111 0.042708333333333334 0.1175925925925926
1 0.40338541666666666 0.4476851851851852 0.044270833333333336 0.1361111111111111
1 0.67109375 0.15046296296296297 0.04114583333333333 0.11388888888888889
1 0.013541666666666667 0.17731481481481481 0.014583333333333334 0.032407407407407406
1 0.8296875 0.7481481481481481 0.04479166666666667 0.12777777777777777
1 0.9635416666666666 0.7203703703703703 0.042708333333333334 0.15185185185185185
1 0.48541666666666666 0.4888888888888889 0.036458333333333336 0.10555555555555556
1 0.025260416666666667 0.14351851851851852 0.03802083333333333 0.1111111111111111
1 0.5783854166666667 0.49907407407407406 0.46927083333333336 0.9888888888888889
0 0.41770833333333335 0.14074074074074075 0.010416666666666666 0.020370370370370372