1 0.498828125 0.5875 0.99453125 0.6444444444444445
1 0.520703125 0.3993055555555556 0.03359375 0.06805555555555555
1 0.29453125 0.4979166666666667 0.0375 0.0875
1 0.1703125 0.4027777777777778 0.025 0.06666666666666667
1 0.227734375 0.4215277777777778 0.01484375 0.029166666666666667
1 0.0609375 0.40208333333333335 0.0140625 0.02361111111111111
1 0.23828125 0.40347222222222223 0.0359375 0.07361111111111111
1 0.249609375 0.4263888888888889 0.01640625 0.025
1 0.49375 0.3590277777777778 0.0140625 0.02638888888888889
1 0.070703125 0.3951388888888889 0.03359375 0.0763888888888889
1 0.026953125 0.55625 0.03203125 0.09305555555555556
1 0.1234375 0.35555555555555557 0.025 0.06666666666666667
1 0.473828125 0.4201388888888889 0.03203125 0.10416666666666667
1 0.02109375 0.44166666666666665 0.0390625 0.08333333333333333
1 0.174609375 0.40902777777777777 0.01640625 0.03194444444444444