1 0.3 0.575 0.5958333333333333 0.5888888888888889
1 0.017447916666666667 0.5060185185185185 0.024479166666666666 0.058333333333333334
1 0.09869791666666666 0.4759259259259259 0.019270833333333334 0.05
1 0.1296875 0.5 0.01875 0.04814814814814815
1 0.12630208333333334 0.449537037037037 0.018229166666666668 0.04351851851851852
1 0.33046875 0.5930555555555556 0.0203125 0.05462962962962963
1 0.31484375 0.38796296296296295 0.015104166666666667 0.027777777777777776
1 0.0953125 0.4222222222222222 0.01875 0.04814814814814815
1 0.15 0.725 0.027083333333333334 0.040740740740740744
1 0.3234375 0.3763888888888889 0.019791666666666666 0.05277777777777778
1 0.17239583333333333 0.7226851851851852 0.022916666666666665 0.058333333333333334
1 0.19505208333333332 0.7125 0.022395833333333334 0.06018518518518518