1 0.49947916666666664 0.6995370370370371 0.9947916666666666 0.5916666666666667
1 0.5825520833333333 0.7300925925925926 0.034895833333333334 0.11574074074074074
1 0.584375 0.5097222222222222 0.015625 0.028703703703703703
1 0.8880208333333334 0.6675925925925926 0.036458333333333336 0.11296296296296296
1 0.41041666666666665 0.6291666666666667 0.03229166666666667 0.10648148148148148
1 0.24713541666666666 0.5745370370370371 0.0296875 0.10092592592592593
1 0.5455729166666666 0.587037037037037 0.0328125 0.10555555555555556
1 0.6169270833333333 0.6199074074074075 0.027604166666666666 0.11203703703703703
1 0.9283854166666666 0.5745370370370371 0.0265625 0.09537037037037037
1 0.7015625 0.48518518518518516 0.029166666666666667 0.08703703703703704
1 0.8481770833333333 0.5453703703703704 0.0328125 0.0962962962962963
1 0.88984375 0.5365740740740741 0.0296875 0.09907407407407408
1 0.4671875 0.575 0.03854166666666667 0.10925925925925926
1 0.75 0.43194444444444446 0.034375 0.06388888888888888
1 0.6013020833333333 0.48518518518518516 0.0453125 0.08333333333333333
0 0.5838541666666667 0.5069444444444444 0.00625 0.012037037037037037