1 0.49895833333333334 0.5509259259259259 0.99375 0.8870370370370371
1 0.30833333333333335 0.549537037037037 0.03958333333333333 0.13240740740740742
1 0.45625 0.3402777777777778 0.030208333333333334 0.11203703703703703
1 0.5682291666666667 0.43796296296296294 0.041666666666666664 0.11481481481481481
1 0.19479166666666667 0.3287037037037037 0.030208333333333334 0.11851851851851852
1 0.6489583333333333 0.3736111111111111 0.030208333333333334 0.12314814814814815
1 0.2484375 0.25972222222222224 0.029166666666666667 0.12129629629629629
1 0.32395833333333335 0.3912037037037037 0.027083333333333334 0.12314814814814815
1 0.1359375 0.22870370370370371 0.0375 0.14444444444444443
1 0.05625 0.3282407407407407 0.029166666666666667 0.11574074074074074
1 0.4049479166666667 0.29444444444444445 0.033854166666666664 0.11851851851851852
1 0.1671875 0.2662037037037037 0.028125 0.10648148148148148
1 0.6145833333333334 0.3236111111111111 0.034375 0.08611111111111111