1 0.49973958333333335 0.4305555555555556 0.9932291666666667 0.8518518518518519
1 0.35104166666666664 0.40370370370370373 0.04479166666666667 0.1537037037037037
1 0.5494791666666666 0.6208333333333333 0.05 0.14166666666666666
1 0.6283854166666667 0.3375 0.0390625 0.10462962962962963
1 0.7677083333333333 0.38796296296296295 0.035416666666666666 0.11666666666666667
1 0.56640625 0.6324074074074074 0.018229166666666668 0.03518518518518519
1 0.7911458333333333 0.16574074074074074 0.026041666666666668 0.09074074074074075
1 0.7765625 0.41203703703703703 0.016666666666666666 0.03518518518518519
1 0.58359375 0.2439814814814815 0.0265625 0.10462962962962963
1 0.5596354166666667 0.3648148148148148 0.04010416666666667 0.1
1 0.67578125 0.8472222222222222 0.015104166666666667 0.027777777777777776
1 0.50390625 0.8361111111111111 0.022395833333333334 0.05
1 0.65390625 0.17824074074074073 0.0296875 0.08611111111111111
1 0.271875 0.07453703703703704 0.022916666666666665 0.0712962962962963
1 0.5479166666666667 0.9259259259259259 0.04895833333333333 0.14074074074074075
1 0.965625 0.19490740740740742 0.027083333333333334 0.09166666666666666
1 0.5661458333333333 0.1037037037037037 0.023958333333333335 0.07962962962962963
1 0.5856770833333333 0.3541666666666667 0.033854166666666664 0.1175925925925926
1 0.5966145833333333 0.6925925925925925 0.45260416666666664 0.30925925925925923