1 0.49921875 0.5638888888888889 0.9942708333333333 0.8611111111111112
1 0.64296875 0.6805555555555556 0.03802083333333333 0.1259259259259259
1 0.15442708333333333 0.5527777777777778 0.0359375 0.12222222222222222
1 0.3059895833333333 0.412962962962963 0.03697916666666667 0.1111111111111111
1 0.671875 0.4148148148148148 0.04895833333333333 0.10925925925925926
1 0.41640625 0.47824074074074074 0.04010416666666667 0.12129629629629629
1 0.4984375 0.29907407407407405 0.029166666666666667 0.1
1 0.4796875 0.500462962962963 0.03333333333333333 0.10648148148148148
1 0.6143229166666667 0.2740740740740741 0.0328125 0.08888888888888889
1 0.16666666666666666 0.41805555555555557 0.034375 0.11388888888888889
1 0.68203125 0.3175925925925926 0.04010416666666667 0.08888888888888889
1 0.4044270833333333 0.38657407407407407 0.0328125 0.125
1 0.22578125 0.4648148148148148 0.03177083333333333 0.11851851851851852
1 0.9559895833333333 0.3398148148148148 0.030729166666666665 0.08518518518518518
1 0.10234375 0.3087962962962963 0.025520833333333333 0.10277777777777777
1 0.9807291666666667 0.4861111111111111 0.03333333333333333 0.12037037037037036