1 0.49947916666666664 0.5592592592592592 0.9947916666666666 0.8703703703703703
1 0.38177083333333334 0.687037037037037 0.04583333333333333 0.15925925925925927
1 0.42161458333333335 0.46805555555555556 0.033854166666666664 0.1361111111111111
1 0.5700520833333333 0.4564814814814815 0.0359375 0.12222222222222222
1 0.8091145833333333 0.5009259259259259 0.03697916666666667 0.13148148148148148
1 0.58125 0.4962962962962963 0.015625 0.03333333333333333
1 0.31927083333333334 0.4148148148148148 0.04479166666666667 0.08148148148148149
1 0.9184895833333333 0.5217592592592593 0.03802083333333333 0.15092592592592594
1 0.6872395833333333 0.3111111111111111 0.03177083333333333 0.11296296296296296
1 0.5205729166666667 0.36898148148148147 0.033854166666666664 0.1287037037037037
1 0.61171875 0.4148148148148148 0.034895833333333334 0.12962962962962962
1 0.6348958333333333 0.3773148148148148 0.03333333333333333 0.12685185185185185
1 0.4596354166666667 0.3365740740740741 0.044270833333333336 0.09351851851851851
1 0.9768229166666667 0.5023148148148148 0.0390625 0.13055555555555556
1 0.8109375 0.5157407407407407 0.016666666666666666 0.03148148148148148
1 0.6955729166666667 0.3435185185185185 0.015104166666666667 0.03148148148148148
1 0.41328125 0.33796296296296297 0.03697916666666667 0.09814814814814815
1 0.8182291666666667 0.5449074074074074 0.016666666666666666 0.03425925925925926