1 0.49921875 0.575462962962963 0.9942708333333333 0.8379629629629629
1 0.6625 0.3800925925925926 0.022916666666666665 0.030555555555555555
1 0.48776041666666664 0.5185185185185185 0.03697916666666667 0.11296296296296296
1 0.7046875 0.5824074074074074 0.03854166666666667 0.12037037037037036
1 0.4046875 0.6930555555555555 0.04479166666666667 0.13240740740740742
1 0.6513020833333333 0.5597222222222222 0.0359375 0.10648148148148148
1 0.11380208333333333 0.4587962962962963 0.0359375 0.10833333333333334
1 0.27369791666666665 0.4625 0.033854166666666664 0.11018518518518519
1 0.39401041666666664 0.5907407407407408 0.0359375 0.10925925925925926
1 0.47734375 0.5393518518518519 0.018229166666666668 0.032407407407407406
1 0.3890625 0.3976851851851852 0.03125 0.09351851851851851
1 0.5536458333333333 0.3476851851851852 0.042708333333333334 0.09537037037037037
1 0.24791666666666667 0.3611111111111111 0.028125 0.08888888888888889
1 0.15885416666666666 0.5532407407407407 0.04375 0.10833333333333334
1 0.103125 0.49722222222222223 0.015625 0.03333333333333333
1 0.96171875 0.7138888888888889 0.043229166666666666 0.12777777777777777
1 0.9440104166666666 0.7305555555555555 0.028645833333333332 0.040740740740740744
1 0.3302083333333333 0.3787037037037037 0.028125 0.09074074074074075
0 0.6622395833333333 0.37777777777777777 0.015104166666666667 0.012962962962962963