1 0.8177083333333334 0.8236111111111111 0.017708333333333333 0.030555555555555555
1 0.49947916666666664 0.7273148148148149 0.9958333333333333 0.5361111111111111
1 0.8453125 0.8324074074074074 0.03125 0.11666666666666667
1 0.38385416666666666 0.8226851851851852 0.029166666666666667 0.1287037037037037
1 0.74375 0.6976851851851852 0.027083333333333334 0.1175925925925926
1 0.21067708333333332 0.6430555555555556 0.0328125 0.09351851851851851
1 0.8291666666666667 0.6773148148148148 0.023958333333333335 0.11388888888888889
1 0.7088541666666667 0.6203703703703703 0.029166666666666667 0.10740740740740741
1 0.43645833333333334 0.7814814814814814 0.026041666666666668 0.12037037037037036
1 0.8817708333333333 0.7601851851851852 0.030208333333333334 0.11851851851851852
1 0.6419270833333334 0.6462962962962963 0.028645833333333332 0.1037037037037037
1 0.6018229166666667 0.6703703703703704 0.025520833333333333 0.10740740740740741
1 0.959375 0.7268518518518519 0.028125 0.11851851851851852
0 0.8182291666666667 0.8217592592592593 0.009375 0.01574074074074074