1 0.49921875 0.5 0.9942708333333333 0.9907407407407407
1 0.6666666666666666 0.5125 0.08854166666666667 0.26944444444444443
1 0.44947916666666665 0.5365740740740741 0.10729166666666666 0.29907407407407405
1 0.35989583333333336 0.3972222222222222 0.09895833333333333 0.25925925925925924
1 0.44921875 0.31157407407407406 0.0203125 0.04351851851851852
1 0.2994791666666667 0.29074074074074074 0.07604166666666666 0.25925925925925924
1 0.46145833333333336 0.26666666666666666 0.08229166666666667 0.25
1 0.4479166666666667 0.4064814814814815 0.030208333333333334 0.04259259259259259
1 0.5828125 0.8958333333333334 0.10625 0.20092592592592592
1 0.4747395833333333 0.4773148148148148 0.0203125 0.04537037037037037
1 0.38255208333333335 0.2675925925925926 0.0890625 0.2518518518518518
1 0.030208333333333334 0.12962962962962962 0.057291666666666664 0.25555555555555554
1 0.5515625 0.8740740740740741 0.8916666666666667 0.24444444444444444