1 0.49921875 0.5509259259259259 0.9942708333333333 0.8870370370370371
1 0.8221354166666667 0.6388888888888888 0.018229166666666668 0.03148148148148148
1 0.61953125 0.4546296296296296 0.04114583333333333 0.10555555555555556
1 0.6841145833333333 0.6453703703703704 0.0390625 0.09074074074074075
1 0.8440104166666667 0.6 0.030729166666666665 0.1037037037037037
1 0.15052083333333333 0.6430555555555556 0.040625 0.1287037037037037
1 0.4205729166666667 0.4981481481481482 0.03177083333333333 0.1037037037037037
1 0.34661458333333334 0.36944444444444446 0.0296875 0.09444444444444444
1 0.3067708333333333 0.5287037037037037 0.035416666666666666 0.11851851851851852
1 0.1109375 0.3712962962962963 0.025 0.09074074074074075
1 0.24166666666666667 0.38287037037037036 0.028125 0.09166666666666666
1 0.13984375 0.4041666666666667 0.03177083333333333 0.09907407407407408
1 0.21666666666666667 0.23981481481481481 0.03333333333333333 0.08518518518518518
1 0.37552083333333336 0.32685185185185184 0.028125 0.09444444444444444
1 0.278125 0.3541666666666667 0.029166666666666667 0.09537037037037037
1 0.12552083333333333 0.22546296296296298 0.022916666666666665 0.08055555555555556
1 0.9723958333333333 0.9467592592592593 0.03333333333333333 0.06944444444444445
0 0.8221354166666667 0.6361111111111111 0.0109375 0.016666666666666666